8
0 0 0 0
1 82 9 7
2 11 42 5
3 78 5 4
4 83 76 4
5 48 54 3
6 99 23 6
7 31 44 6
29
0.0 82.49242389456137 43.41658669218482 78.16009211867653 112.53888216967503 72.24956747275377 101.6366075781753 53.823786563191554
82.49242389456137 0.0 78.29431652425353 5.656854249492381 67.00746227100382 56.4003546088143 22.02271554554524 61.85466837676846
43.41658669218482 78.29431652425353 0.0 76.53757247260981 79.62411694957753 38.897300677553446 90.02777349240623 20.09975124224178
78.16009211867653 5.656854249492381 76.53757247260981 0.0 71.17583859709698 57.4543296888929 27.65863337187866 61.07372593840988
112.53888216967503 67.00746227100382 79.62411694957753 71.17583859709698 0.0 41.340053217188775 55.362442142665635 61.05735008989499
72.24956747275377 56.4003546088143 38.897300677553446 57.4543296888929 41.340053217188775 0.0 59.682493245507096 19.72308292331602
101.6366075781753 22.02271554554524 90.02777349240623 27.65863337187866 55.362442142665635 59.682493245507096 0.0 71.16881339463234
53.823786563191554 61.85466837676846 20.09975124224178 61.07372593840988 61.05735008989499 19.72308292331602 71.16881339463234 0.0
