[[160540. 160528. 160571. 160327. 160164.     nan     nan 160625. 160810.
  160228. 160540.]
 [  1621.   1644.   1642.   1644.   1621.   1628.   1627.   1631.   1644.
    1623.   1625.]
 [  1374.   1378.   1378.   1377.   1378.   1377.   1378.   1377.   1377.
    1367.   1374.]
 [ 43448.  43448.  43448.  43448.  43448.  43448.  43448.  43448.  43448.
   43448.  43448.]
 [ 19745.  19797.  19771.  19742.  19758.     nan     nan  19732.  19778.
   19825.  19729.]
 [134770. 135511. 135384. 135768. 135004. 135986. 136090. 135412. 135622.
  135828. 135447.]
 [ 58622.     nan     nan  58578.  58634.     nan     nan  58622.  58638.
   58578.  58622.]
 [ 14138.     nan     nan  14138.  14138.     nan     nan  14138.  14138.
   14138.  14138.]
 [ 74836.     nan     nan     nan     nan  75044.  74914.  74689.     nan
   74756.  74836.]
 [  1081.     nan     nan     nan     nan     nan     nan   1082.   1074.
    1074.   1081.]
 [ 22826.     nan     nan     nan     nan     nan     nan  22825.     nan
   22841.  22822.]
 [ 47812.     nan     nan     nan     nan     nan     nan     nan     nan
   47948.  47812.]
 [ 89886.     nan     nan     nan     nan     nan     nan     nan     nan
   90179.  90049.]
 [ 20387.     nan     nan     nan     nan     nan     nan     nan     nan
   20336.  20428.]]