[[ 21245.  21265.  21279.  21251.  21245.  21245.  21331.  21245.  21265.
   21267.     nan]
 [  6460.   6460.   6460.   6460.   6460.   6460.   6460.   6460.   6460.
    6460.   6460.]
 [ 69397.  69362.  69457.  69443.  69421.  69446.  69341.  69320.  69329.
   69291.     nan]
 [ 19261.  19261.  19265.  19266.  19261.  19261.  19230.  19261.  19261.
   19261.     nan]
 [160956. 160559. 160468. 160745. 161011. 160384. 160469. 160779. 160209.
  160211. 160402.]
 [ 89776.  89467.  89757.  89766.  89648.  89699.  89440.  89539.  89372.
   89595.  89652.]
 [    nan  25796.     nan  25743.  25751.  25787.  25787.  25789.  25745.
   25789.     nan]
 [    nan  87132.     nan  87409.  87528.  87294.  87284.  87410.  87269.
   87225.  87292.]
 [    nan  27591.     nan     nan     nan  27591.  27591.  27591.  27591.
   27591.     nan]
 [    nan     nan     nan     nan     nan     nan 101652. 101548. 101631.
  101163.     nan]
 [    nan     nan     nan     nan     nan     nan  21891.     nan  21852.
   21885.  21901.]
 [    nan     nan     nan     nan     nan     nan 140067.     nan 140805.
  139925.     nan]
 [    nan     nan     nan     nan     nan     nan    815.     nan    815.
     815.     nan]]