[[   486.    481.    489.    488.    487.    481.    494.    485.    485.
     485.    487.]
 [ 66550.  66629.  66703.  66328.  66414.  66729.  66806.  66852.  66527.
   66630.  66673.]
 [ 43448.  43448.  43448.  43448.  43448.  43448.  43448.  43448.  43448.
   43448.  43448.]
 [ 21245.  21265.  21257.  21245.  21245.  21245.  21245.  21245.  21245.
   21245.  21245.]
 [ 24145.  24145.  24145.  24145.  24145.  24155.  24145.  24145.  24145.
   24147.  24145.]
 [ 67350.  67706.  67634.  67424.  67363.  67940.  67595.  67634.  67338.
   67472.  67232.]
 [   865.     nan     nan    865.    865.    865.    865.    865.    865.
     865.    865.]
 [  8460.     nan     nan   8460.   8460.   8460.   8460.   8464.   8453.
    8460.   8472.]
 [140471.     nan     nan     nan     nan 141031. 141070. 140529. 140696.
  140812. 140944.]
 [ 25917.     nan     nan     nan     nan     nan     nan  25899.  25932.
   25922.  25926.]
 [    nan     nan     nan     nan     nan     nan     nan     nan    954.
     944.    946.]]