[[ 10933.  10916.  10916.  10916.  10916.     nan     nan  10933.  10933.
   10933.     nan]
 [147855. 147894. 147792. 147807. 147876. 147874. 147883. 147926. 147809.
  147780.     nan]
 [ 14971.  14971.  14971.  14971.  14971.  14971.  14971.  14971.  14971.
   14971.  14971.]
 [ 38768.  38909.  38713.  38755.  38835.  38802.  38718.  38849.  38841.
   38705.  38821.]
 [  1145.   1145.   1145.   1145.   1145.   1145.   1145.     nan   1145.
    1145.     nan]
 [  1083.   1074.   1077.   1081.   1080.   1080.   1081.   1081.   1075.
    1082.     nan]
 [    nan     nan  15700.  15700.  15700.     nan     nan  15700.  15700.
   15700.     nan]
 [    nan     nan  51198.  51238.  51314.  51240.  51298.     nan  51199.
   51115.  51293.]
 [    nan     nan  14138.  14138.     nan  14138.  14138.  14138.  14138.
   14138.  14138.]
 [    nan     nan    618.    618.     nan     nan     nan    621.    614.
     617.     nan]
 [    nan     nan  10916.  10916.     nan     nan     nan     nan  10933.
   10933.     nan]
 [    nan     nan 147792. 147807.     nan     nan     nan     nan     nan
  147781. 147799.]
 [    nan     nan  51198.  51233.     nan     nan     nan     nan     nan
   51115.     nan]
 [    nan     nan  14138.  14138.     nan     nan     nan     nan     nan
   14138.     nan]]