[[ 89570.  89605.  89441.  89279.  89614.     nan     nan  89188.  89341.
   89223.  89382.]
 [ 74704.  74710.  74617.  74656.     nan  74692.  74688.  74602.  74578.
   74462.  74878.]
 [  1524.   1524.   1524.   1524.   1524.   1524.   1524.   1524.   1524.
    1524.   1524.]
 [ 60776.  60573.  60200.  59959.  60512.  60929.  60403.  60071.  60310.
   60132.  60102.]
 [ 20557.  20557.  20557.  20557.  20583.  20557.  20557.  20557.  20557.
   20557.     nan]
 [  1646.   1630.   1629.   1620.   1640.     nan   1621.   1613.   1622.
    1623.   1625.]
 [    nan     nan  42922.  42852.  42903.     nan     nan  42983.  42914.
   42775.     nan]
 [    nan     nan  66492.  66294.     nan     nan     nan  66277.  66213.
   66349.  66288.]
 [    nan     nan     nan  26055.     nan  26229.  26144.  26049.  25986.
   26070.  26058.]
 [    nan     nan     nan 101191.     nan     nan     nan 101082. 101122.
  100944. 101318.]
 [    nan     nan     nan  89311.     nan     nan     nan  89244.  89433.
   89201.     nan]
 [    nan     nan     nan  74419.     nan     nan     nan  74645.     nan
   74462.  74878.]
 [    nan     nan     nan  66262.     nan     nan     nan  66274.     nan
   66326.     nan]
 [    nan     nan     nan  26055.     nan     nan     nan  26052.     nan
   26070.     nan]]