[[25798. 25748. 25743. 25745. 25743. 25748.    nan 25791. 25789. 25745.]
 [66623. 66615. 66613. 66454. 66588. 66554.    nan 66584. 66607. 66495.]
 [10933. 10916. 10916. 10916. 10916. 10933. 10916. 10916. 10940. 10916.]
 [  486.   485.   486.   482.   481.   485.    nan   486.   483.   482.]
 [67779. 67393. 67245. 67149. 67582. 67247. 67316. 67405.    nan 67151.]
 [   nan 36468. 36421. 36469. 36419. 36456.    nan 36445. 36484. 36469.]
 [   nan 28940. 28940. 28940. 28940. 28940.    nan 28940. 28940. 28940.]
 [   nan    nan   820.   820.   820.   820.   820.   820.   820.   820.]
 [   nan    nan 89950. 89876. 90137. 89766.    nan    nan    nan 89873.]
 [   nan    nan    nan 55962.    nan 56116. 56150.    nan    nan 55962.]
 [   nan    nan    nan 25745.    nan 25748.    nan 25791.    nan 25745.]
 [   nan    nan    nan 66495.    nan 66602. 66657. 66541.    nan 66454.]
 [   nan    nan    nan   820.    nan   820.    nan   820.   820.   820.]
 [   nan    nan    nan 89899.    nan 89819.    nan    nan    nan 89899.]
 [   nan    nan    nan   482.    nan   485.    nan    nan    nan   482.]]