[[ 66597.  66728.  66703.  66366.  66369.     nan     nan     nan  66496.
   66600.  66452.]
 [   488.    481.    490.    486.    484.     nan     nan     nan    486.
     486.    487.]
 [138264. 138366. 137719. 137799. 137779. 138582. 138530. 138276. 137671.
  137969. 137721.]
 [134856. 135579. 136142. 134692. 135300. 136050. 135868. 135367. 134871.
  135188. 135184.]
 [ 52076.  52275.  52508.  51963.  52436.     nan     nan  52113.  52059.
   52046.  51889.]
 [ 42164.  42304.  42340.  42170.  42260.  42341.  42448.     nan  42113.
   42116.  42171.]
 [ 28940.     nan     nan  28940.  28940.  28940.  28940.     nan  28940.
   28940.  28940.]
 [122002.     nan     nan 122044. 122153.     nan     nan     nan 121888.
  121623. 121855.]
 [    nan     nan     nan  21225.     nan  21231.  21228.  21228.  21225.
   21220.  21225.]
 [    nan     nan     nan  34272.     nan     nan     nan  34311.  34259.
   34273.  34259.]
 [    nan     nan     nan  38822.     nan     nan     nan     nan  38699.
   38708.  38713.]
 [    nan     nan     nan  37278.     nan     nan     nan     nan  37305.
   37287.  37328.]
 [    nan     nan     nan  74358.     nan     nan     nan     nan  74681.
   74221.  74391.]
 [    nan     nan     nan  10885.     nan     nan     nan     nan  10863.
   10864.  10889.]]