[[ 44263.  44267.  44266.  44263.  44237.     nan  44273.  44260.  44351.
   44260.]
 [ 14138.  14138.  14138.  14138.  14138.  14138.  14138.  14138.  14138.
   14138.]
 [ 24380.  24338.  24405.  24210.  24404.  24467.  24305.  24252.  24358.
   24261.]
 [  1650.   1638.   1629.   1619.   1636.   1650.   1631.   1614.   1633.
    1618.]
 [160746. 160276. 160526. 160203. 160473. 160499. 160223. 160612. 160757.
  160466.]
 [197298. 196964. 197326. 197007. 197010.     nan 196798. 197114. 196934.
  197114.]
 [    nan 135132.     nan 135202. 136920.     nan 135559. 135187. 135115.
  134851.]
 [    nan  66530.     nan  66371.  66454.     nan  66462.  66223.  66429.
   66223.]
 [    nan     nan     nan   8407.     nan   8407.   8407.   8407.   8407.
    8407.]
 [    nan     nan     nan  67352.     nan     nan  67384.  67288.  67513.
   67288.]
 [    nan     nan     nan  44263.     nan     nan  44260.  44260.  44351.
   44260.]
 [    nan     nan     nan  14138.     nan     nan  14138.  14138.     nan
   14138.]
 [    nan     nan     nan  66288.     nan     nan  66475.  66250.     nan
   66356.]
 [    nan     nan     nan   8407.     nan     nan   8407.   8407.     nan
    8407.]]