[[ 45607.  45607.  45607.  45607.  45607.  45607.  45607.  45607.  45607.
   45607.]
 [107021. 107045. 107083. 106964. 107042. 107139. 107075. 107093. 107002.
  107038.]
 [ 10179.  10121.  10179.  10149.  10136.  10134.  10129.  10158.  10179.
   10129.]
 [ 13590.  13590.  13590.  13590.  13590.  13590.  13590.  13590.  13590.
   13590.]
 [ 26376.  26362.  26406.  26381.  26381.  26383.  26382.  26386.  26378.
   26386.]
 [ 55322.  55413.  55387.  55328.  55070.  55624.  55333.  55464.  55461.
   55452.]
 [ 28940.     nan     nan  28940.  28940.  28940.  28940.  28940.  28940.
   28940.]
 [ 13620.     nan     nan  13620.  13620.  13620.  13620.     nan  13620.
   13620.]
 [121698.     nan     nan     nan 121856. 122117. 122004. 122157. 121840.
  121615.]
 [ 44017.     nan     nan     nan  44176.     nan     nan  44378.  44283.
   44044.]
 [  1377.     nan     nan     nan   1377.     nan     nan     nan   1377.
    1377.]
 [ 19629.     nan     nan     nan  19565.     nan     nan     nan     nan
   19565.]
 [ 13332.     nan     nan     nan  13332.     nan     nan     nan     nan
   13332.]
 [ 20312.     nan     nan     nan  20293.     nan     nan     nan     nan
   20350.]]