[[ 44319.  44241.  44543.  44226.  44223.  44327.  44255.  44206.  44238.
   44424.  44521.]
 [   521.    521.    521.    521.    521.    521.    521.    521.    521.
     521.    521.]
 [107027. 107169. 107176. 106969. 107064. 107015. 107131. 107024. 107059.
  107054. 107040.]
 [   865.    865.    865.    865.    865.    865.    865.    865.    865.
     865.    865.]
 [   548.    548.    548.    548.    548.    548.    548.    548.    548.
     548.    548.]
 [ 65659.  65792.  65850.  66056.  65719.  65730.  65640.  65683.  65683.
   65719.     nan]
 [ 19331.     nan     nan  19242.  19230.  19331.  19259.  19230.  19230.
   19230.  19315.]
 [ 26640.     nan     nan  26670.  26612.  26612.  26630.  26612.  26612.
   26612.  26831.]
 [    nan     nan     nan     nan  30671.  30681.  30680.  30671.  30671.
   30671.     nan]
 [    nan     nan     nan     nan  24274.     nan     nan  24285.  24236.
   24275.     nan]
 [    nan     nan     nan     nan     nan     nan     nan  74947.     nan
   74947.  75775.]
 [    nan     nan     nan     nan     nan     nan     nan  22913.     nan
   22834.     nan]
 [    nan     nan     nan     nan     nan     nan     nan 109800.     nan
  109858.     nan]]