[[ 25569.  25569.  25594.  25575.     nan  25573.     nan     nan     nan
      nan  25572.  25572.]
 [ 21809.  21881.  21882.  21810.  21884.  21854.     nan     nan     nan
   21887.  21805.  21894.]
 [ 82909.  83120.  83121.  82883.     nan  83069.  83243.  83203.  82956.
      nan  82955.  82987.]
 [ 87221.  87132.  87110.  87215.  87326.  87301.  87380.  87258.  87320.
   87382.  87307.  87198.]
 [ 74385.  74671.  74784.  74559.  74693.  74609.     nan  74654.  74614.
   74791.  74677.  74670.]
 [ 63166.  63408.  63265.  63228.  63268.  63119.  63295.     nan     nan
   63394.  63298.  63157.]
 [ 74106.     nan     nan  74275.  74645.  74299.  74642.     nan     nan
   74554.  74521.  74117.]
 [ 83626.     nan     nan  83807.     nan  83812.     nan     nan     nan
      nan  83858.  83568.]
 [ 12747.     nan     nan     nan     nan  12747.  12747.  12747.  12747.
   12747.  12747.  12747.]
 [  1075.     nan     nan     nan     nan   1089.     nan   1081.   1082.
      nan   1083.   1082.]
 [ 16876.     nan     nan     nan     nan  16876.     nan     nan     nan
   16876.  16876.  16876.]
 [155162.     nan     nan     nan     nan 155138.     nan     nan     nan
      nan     nan 155016.]
 [   815.     nan     nan     nan     nan    815.     nan     nan     nan
      nan     nan    815.]
 [ 44260.     nan     nan     nan     nan  44260.     nan     nan     nan
      nan     nan  44260.]]