[[ 42164.  42304.  42258.  42147.  42192.  42260.  42141.  42147.     nan]
 [ 16876.  16876.  16876.  16876.  16876.  16876.  16876.  16876.     nan]
 [ 24296.  24309.  24322.  24237.  24337.  24313.  24308.  24237.     nan]
 [ 64556.  64920.  64981.  64672.  64838.  64851.  64901.  64651.  65108.]
 [ 51234.  51136.  51408.  51310.  51307.  51018.  51281.  51310.  51321.]
 [ 89993.  90302.  90105.  89817.  90049.  89895.  90126.  89826.  89974.]
 [117606.     nan     nan 117606. 117606. 117606. 117606. 117606.     nan]
 [ 27625.     nan     nan  27601.  27629.  27663.  27607.  27601.     nan]
 [  1034.     nan     nan   1034.     nan   1034.   1034.   1034.     nan]
 [   865.     nan     nan    865.     nan    865.    865.    865.     nan]
 [ 26612.     nan     nan  26658.     nan  26695.  26652.  26658.  26715.]
 [ 11642.     nan     nan  11669.     nan     nan  11671.  11669.     nan]
 [ 10179.     nan     nan  10158.     nan     nan  10179.  10179.     nan]
 [192308.     nan     nan 192211.     nan     nan 192711. 192211. 192346.]
 [ 95858.     nan     nan  95770.     nan     nan  95969.  95770.     nan]
 [121867.     nan     nan 121309.     nan     nan 121783. 121309.     nan]]