[[ 12747.  12747.  12747.  12747.  12747.  12747.     nan  12747.  12747.
   12747.  12747.]
 [ 27591.  27591.  27591.  27591.  27591.     nan     nan  27591.  27591.
   27591.  27591.]
 [ 21809.  21881.  21916.  21828.  21907.  21872.  21928.  21810.  21886.
   21813.  21878.]
 [101340. 101294. 101197. 101298. 101202. 101691. 101791. 101408. 101361.
  101162. 100935.]
 [   548.    548.    548.    548.    548.     nan     nan    548.    548.
     548.    548.]
 [   848.    848.    848.    848.    848.    848.    848.    848.    848.
     848.    848.]
 [   992.     nan     nan    990.    991.    993.    995.    994.    993.
     990.    991.]
 [ 14971.     nan     nan  14971.  14971.     nan     nan  14971.  14971.
   14971.  14971.]
 [    nan     nan     nan  13332.     nan  13332.  13332.  13332.  13332.
   13332.  13332.]
 [    nan     nan     nan  96134.     nan     nan     nan  95938.  96046.
   96130.  96133.]
 [    nan     nan     nan  10885.     nan     nan     nan  10940.  10885.
   10874.  10912.]
 [    nan     nan     nan   8460.     nan     nan     nan     nan     nan
    8460.   8460.]
 [    nan     nan     nan  38863.     nan     nan     nan     nan     nan
   38833.  38712.]]