[[ 12747.  12747.  12747.  12747.  12747.  12747.  12747.  12747.  12747.
   12747.  12747.]
 [224345. 224603. 224753. 224110. 224179. 224361. 224715. 224421. 224257.
  224648. 223761.]
 [   815.    815.    815.    815.    815.    815.    815.    815.    815.
     815.    815.]
 [   521.    521.    521.    521.    521.    521.    521.    521.    521.
     521.    521.]
 [ 60509.  60739.  60795.  60427.  60483.  60735.  60729.  60758.  60369.
   60329.  60372.]
 [ 13590.  13590.  13590.  13590.  13590.  13590.  13590.  13590.  13590.
   13590.  13590.]
 [ 75469.     nan     nan  75293.  75524.  75268.  75766.  75179.  75424.
   75177.  75010.]
 [   903.     nan     nan    903.    903.    903.    903.    903.    903.
     903.    903.]
 [    nan     nan     nan 197002.     nan 197209. 197350. 197339. 196914.
  196927. 197015.]
 [    nan     nan     nan  82921.     nan     nan     nan  83336.  83167.
   82912.  83157.]
 [    nan     nan     nan   1015.     nan     nan     nan     nan     nan
    1015.   1015.]]