[[25569. 25575. 25575. 25591. 25576. 25576. 25569. 25573. 25572. 25569.
     nan]
 [31129. 31257. 31150. 31198. 31197. 31208. 31142. 31109. 31103. 31103.
     nan]
 [  865.   865.   865.   865.   865.   865.   865.   865.   865.   865.
     nan]
 [44428. 44376. 44271. 43928. 44460. 44262. 44188. 44147. 44298. 44107.
  44282.]
 [26061. 26132. 26201. 26064. 26143. 26145. 26106. 26154. 25960. 25998.
  26120.]
 [  820.   820.   820.   820.   820.   820.   820.   820.   820.   820.
     nan]
 [14971.    nan    nan 14971. 14971. 14971. 14971. 14971. 14971. 14971.
     nan]
 [27654.    nan    nan 27592. 27667. 27644. 27598. 27624. 27692. 27630.
  27633.]
 [13332.    nan    nan    nan    nan 13332. 13332. 13332. 13332. 13332.
     nan]
 [   nan    nan    nan    nan    nan    nan 68934. 69230. 69092. 69084.
  69268.]
 [   nan    nan    nan    nan    nan    nan 25569. 25573.    nan 25569.
  25571.]
 [   nan    nan    nan    nan    nan    nan 31142. 31105.    nan 31103.
     nan]
 [   nan    nan    nan    nan    nan    nan 27604. 27604.    nan 27631.
     nan]]