[[ 96127.  96192.  96249.  95748.  96185.  96169.  96156.  95778.     nan
      nan]
 [ 33647.  33657.  33670.  33634.  33661.  33575.  33606.  33628.     nan
      nan]
 [117606. 117625. 117617. 117606. 117648. 117636. 117606. 117606. 117606.
  117606.]
 [107119. 107192. 107159. 107018. 107183. 107055. 107009. 107032. 107128.
  107174.]
 [117135. 116788. 117490. 116079. 116837. 117529. 116237. 115925.     nan
      nan]
 [ 94571.  94352.  94375.  94255.  94859.  94988.  94566.  94255.     nan
      nan]
 [ 25569.     nan     nan  25591.  25576.  25573.  25569.  25591.     nan
      nan]
 [  1338.     nan     nan   1339.     nan   1340.   1339.   1338.   1341.
    1343.]
 [ 17018.     nan     nan  17003.     nan  17057.  17048.  16996.  17048.
   17026.]
 [  1092.     nan     nan   1085.     nan   1093.   1076.   1085.     nan
      nan]
 [ 96168.     nan     nan  95851.     nan     nan  96147.  95880.     nan
      nan]
 [ 33579.     nan     nan  33634.     nan     nan  33606.  33628.     nan
      nan]
 [  1338.     nan     nan   1339.     nan   1341.   1339.   1339.   1341.
    1343.]
 [ 17018.     nan     nan  16996.     nan     nan  17048.  16996.     nan
      nan]]