[[ 8407.  8407.  8407.  8407.  8407.  8407.  8407.  8407.  8407.  8407.
   8407.]
 [35379. 35324. 35324.    nan    nan 35309. 35359. 35324. 35413. 35358.
  35367.]
 [  848.   848.   848.   849.   848.   848.   848.   848.   848.   848.
    848.]
 [55687. 55311. 55148. 55290. 55540. 55052. 55250. 55577. 55182. 54782.
  55170.]
 [52350. 52203. 52029. 52098. 52075. 52194. 51878. 52225. 52010. 52049.
     nan]
 [40458. 40529. 40476. 40508. 40515. 40476. 40487. 40513. 40463. 40476.
  40487.]
 [   nan    nan  1337.  1339.  1341.  1339.  1339.  1338.  1339.  1339.
     nan]
 [   nan    nan 38713.    nan    nan 38802. 38718. 38731. 38842. 38695.
  38821.]
 [   nan    nan 11669.    nan    nan 11698. 11669. 11672. 11642. 11696.
  11669.]
 [   nan    nan  1813.    nan    nan    nan    nan  1819.  1813.  1815.
   1815.]
 [   nan    nan  8407.    nan    nan    nan    nan  8407.  8407.  8407.
     nan]
 [   nan    nan 35324.    nan    nan    nan    nan    nan    nan 35358.
  35367.]
 [   nan    nan 38713.    nan    nan    nan    nan    nan    nan 38705.
     nan]]