[[ 14138.  14138.  14138.  14138.  14138.  14138.  14138.  14138.  14138.
   14138.  14138.]
 [   903.    903.    903.    903.    903.    903.    903.    903.    903.
     903.    903.]
 [ 11040.  11040.  11040.  11042.  11040.  11040.  11040.  11040.  11040.
   11040.  11040.]
 [ 13620.  13620.  13620.  13622.  13620.  13620.  13620.  13620.  13620.
   13620.  13620.]
 [333925. 334257. 333880. 333684. 333997. 333616. 334164. 333660. 333321.
  333417. 333788.]
 [122338. 121928. 122168. 122730. 122157. 121982. 121860. 122323. 122070.
  122070. 121842.]
 [    nan     nan   6460.   6460.   6460.   6460.   6460.   6460.   6460.
    6460.   6460.]
 [    nan     nan  63322.  63500.  63616.  63346.  63454.  63323.  63243.
   63185.  63298.]
 [    nan     nan  12747.     nan     nan  12747.  12747.  12747.  12747.
   12747.  12747.]
 [    nan     nan     nan     nan     nan   8460.     nan   8460.   8460.
    8472.   8460.]
 [    nan     nan     nan     nan     nan     nan     nan     nan  47311.
   47284.  47270.]]