[[  1524.   1524.   1524.   1524.   1524.   1524.   1524.     nan     nan
      nan   1524.   1524.]
 [ 10876.  10900.  10898.  10924.  10918.  10885.  10876.     nan     nan
   10949.  10899.  10885.]
 [  5634.   5627.   5631.   5640.   5633.   5626.   5627.   5633.   5627.
      nan   5629.   5629.]
 [ 18880.  18880.  18880.  18880.  18880.  18880.  18880.  18880.  18880.
      nan  18880.  18880.]
 [  1813.   1811.   1813.   1826.   1818.   1810.   1811.   1816.   1811.
      nan   1816.   1811.]
 [196718. 197095. 197167. 197089. 197392. 196617. 196671.     nan     nan
  196962. 197015. 196828.]
 [    nan  66417.     nan  66474.  66641.  66522.  66235.     nan     nan
   66633.  66477.  66355.]
 [    nan  13590.     nan  13590.  13590.  13590.  13590.     nan     nan
      nan     nan  13590.]
 [    nan  60435.     nan     nan     nan  59952.  60038.  60396.  60450.
   60675.  60399.  60090.]
 [    nan  19750.     nan     nan     nan  19743.     nan  19763.  19774.
      nan     nan  19766.]
 [    nan  28940.     nan     nan     nan  28940.     nan     nan     nan
   28940.  28940.  28940.]
 [    nan   1015.     nan     nan     nan   1015.     nan     nan     nan
      nan     nan   1015.]
 [    nan  42304.     nan     nan     nan  42226.     nan     nan     nan
      nan     nan  42144.]]