[[63564. 63337. 63365. 63020. 63314.    nan 63180. 63117. 63298. 63110.
  63015.]
 [24145. 24145. 24145. 24145. 24145. 24147. 24145. 24145. 24147. 24145.
  24145.]
 [90117. 90222. 90031. 89877. 90173. 90282. 90063. 89893.    nan 89884.
  90172.]
 [25569. 25585. 25575. 25588. 25575. 25601. 25576. 25591.    nan 25579.
  25572.]
 [60956. 60835. 60321. 60034. 60583. 60955. 60720. 60115.    nan 60077.
  60183.]
 [ 8460.  8472.  8460.  8472.  8460.    nan  8460.  8466.  8472.  8460.
   8468.]
 [   nan    nan 69481. 69391. 69465.    nan 69431. 69387. 69435. 69426.
  69367.]
 [   nan    nan  1338.  1339.  1341.    nan  1339.  1343.    nan  1342.
   1340.]
 [   nan    nan    nan  1275.    nan  1276.  1277.  1276.    nan  1275.
   1275.]
 [   nan    nan    nan 33621.    nan    nan 33608. 33614.    nan 33604.
  33635.]
 [   nan    nan    nan 63020.    nan    nan    nan 63122. 63369. 63110.
  63187.]
 [   nan    nan    nan 24145.    nan    nan    nan 24145.    nan 24145.
  24145.]
 [   nan    nan    nan  1339.    nan    nan    nan    nan    nan  1342.
   1340.]]