[[ 25886.  26024.  25926.  25920.  25922.  25936.  25974.  25967.  25943.
   25955.     nan]
 [108361. 108344. 108112. 107917.     nan 108268. 107999. 108101. 108236.
  107973.     nan]
 [   781.    787.    781.    771.    773.    775.    776.    766.    779.
     763.    776.]
 [333859. 333545. 333963. 333832. 334123. 333382. 333996. 333108. 333710.
  333730. 333937.]
 [ 67818.  67506.  67491.  67232.  67716.  67815.  67116.  67083.  67094.
   67104.     nan]
 [ 44563.  44508.  44405.  44178.     nan  44306.  44171.  44241.  44232.
   44296.     nan]
 [    nan     nan    830.    830.    830.    830.    830.    830.    830.
     830.     nan]
 [    nan     nan     nan  20557.     nan  20557.  20557.  20557.  20557.
   20557.  20557.]
 [    nan     nan     nan   1377.     nan   1367.   1377.   1367.   1367.
    1377.   1378.]
 [    nan     nan     nan  22845.     nan     nan     nan  23024.  22837.
   22971.     nan]
 [    nan     nan     nan  25900.     nan     nan     nan  25967.  25943.
   25955.     nan]
 [    nan     nan     nan 107917.     nan     nan     nan 108088.     nan
  108036. 108039.]
 [    nan     nan     nan  20557.     nan     nan     nan  20557.     nan
   20583.     nan]
 [    nan     nan     nan   1377.     nan     nan     nan   1367.     nan
    1377.     nan]]