[[148067. 147698. 148429. 148163. 148572. 148139. 148510.     nan 148435.
  148046. 148204.]
 [ 63321.  63408.  63400.  63228.  63319.  63366.  63399.     nan  63585.
   63184.  63243.]
 [ 13590.  13590.  13590.  13590.  13590.  13590.  13590.  13590.  13590.
   13590.  13590.]
 [ 31214.  31195.  31311.  31236.  31317.  31134.  31105.  31258.  31219.
   31266.  31252.]
 [ 17076.  17019.  17125.  17044.  17026.  17036.  17047.  17045.  17069.
   17018.  17006.]
 [107041. 107107. 107188. 107044. 107107. 107123. 107186. 107121. 107007.
  106991. 107032.]
 [ 65878.     nan     nan  65600.  66072.  66065.  66220.  66158.  65758.
   65828.  65722.]
 [ 42926.     nan     nan  42877.  42874.  43166.  42985.     nan  42808.
   42848.  42830.]
 [    nan     nan     nan  44260.     nan  44263.  44326.  44269.  44263.
   44263.  44263.]
 [    nan     nan     nan 101229.     nan     nan     nan 101408. 101361.
  101162. 100935.]
 [    nan     nan     nan  83938.     nan     nan     nan     nan  83401.
   83853.  83670.]
 [    nan     nan     nan  11040.     nan     nan     nan     nan     nan
   11040.  11040.]]