[[140471. 141027. 141047. 140530.     nan 141132. 141310.     nan 140361.
  140667.]
 [  1077.   1081.   1082.   1084.   1078.   1084.     nan   1089.   1081.
    1076.]
 [ 60509.  60605.  60760.  60430.  60732.  60678.  60795.  60829.  60391.
   60716.]
 [148690. 147698. 149218. 148270. 148888. 148139. 148947. 148363. 148317.
  147560.]
 [ 78461.  78398.  78460.  78443.  78465.  78465.     nan  78449.  78443.
   78420.]
 [ 40445.  40534.  40448.  40445.  40497.  40497.  40542.  40467.  40437.
   40476.]
 [ 33607.     nan     nan  33562.  33635.  33664.  33629.  33622.  33577.
   33587.]
 [108023.     nan     nan 108198.     nan 108325.     nan 108219. 108037.
  108201.]
 [    nan     nan     nan  26692.     nan  26656.  26766.  26652.  26650.
   26678.]
 [    nan     nan     nan  17061.     nan  17042.     nan  17058.  17069.
   17044.]
 [    nan     nan     nan  21245.     nan     nan     nan  21245.  21245.
   21245.]
 [    nan     nan     nan 155705.     nan     nan     nan     nan 155376.
  155109.]
 [    nan     nan     nan   1275.     nan     nan     nan     nan   1278.
    1279.]
 [    nan     nan     nan   1341.     nan     nan     nan     nan   1334.
    1351.]
 [    nan     nan     nan  19565.     nan     nan     nan     nan  19629.
   19570.]]