    .ID. nbIterTraces nbGranular  mu lambda nbElite nbClose nbIterPenaltyManagement targetFeasible penaltyIncrease penaltyDecrease    .PARENT.
1      1          500         25  25     60       5       8                     100            0.4             1.4            0.75 -2147483648
2      2          700         20  30     40       7       4                      50            0.2             1.2            0.65 -2147483648
3      3          700         20  20     60       5       2                     150            0.3             1.3            0.65 -2147483648
4      4          700         25  20     20       7       8                     100            0.2             1.4            0.75           1
5      5          500         25  25     60       3       8                     150            0.4             1.2            0.85           1
6      6          700         20  25     60       3       4                     100            0.4             1.4            0.75           4
7      7          700         15  20     60       7       8                     100            0.2             1.4            0.75           4
8      8          500         25  20     20       7       2                     100            0.2             1.4            0.75           4
9      9          700         20  20     40       7       8                     100            0.2             1.3            0.65           4
10    10          700         25  20     40       7       2                     100            0.2             1.4            0.75           8
11    11          500         25  20     60       7       2                     100            0.2             1.4            0.75           8