[[   686.    687.    689.    686.    687.    686.    686.    688.    687.
     686.    688.]
 [ 28940.  28940.  28940.  28940.  28940.  28940.  28940.  28940.  28940.
   28940.  28969.]
 [ 29997.  30005.  29909.  29896.  29970.  29907.  29891.  29924.  29939.
   29973.  29926.]
 [ 51991.  52266.  52287.  52069.  51926.  51856.  51869.  52126.  52108.
   52000.  52135.]
 [122248. 121928. 122140. 121894. 122081. 121969. 122110. 121802. 122284.
  122387. 122238.]
 [ 38806.  38865.  38876.  38834.  38756.  38741.  38866.  38789.  38805.
      nan     nan]
 [ 38420.     nan     nan  38392.  38349.  38328.  38390.  38411.  38344.
   38343.  38537.]
 [ 25861.     nan     nan  25926.  25900.  25950.  25914.  25926.  25908.
   25962.  25926.]
 [    nan     nan     nan     nan    815.    815.    815.    815.    815.
      nan     nan]
 [    nan     nan     nan     nan     nan  86478.     nan  86635.  86617.
   86515.  86548.]
 [    nan     nan     nan     nan     nan 223978.     nan 223663. 224073.
  224430. 223859.]
 [    nan     nan     nan     nan     nan  34320.     nan  34329.  34308.
      nan     nan]]