[[117606. 117606. 117606. 117606. 117598.     nan 117606. 117595. 117606.
      nan]
 [ 69421.  69430.  69471.  69354.  69420.  69534.  69353.  69357.  69393.
      nan]
 [ 79245.  79102.  79000.  78460.  78847.  79219.  78993.  79067.  79060.
      nan]
 [ 75165.  74991.  75200.  74612.  74912.  75167.  75029.  74587.  75071.
   74612.]
 [ 12747.  12747.  12747.  12747.  12747.  12747.  12747.  12747.  12747.
   12747.]
 [   776.    770.    776.    768.    771.     nan    768.    764.    773.
      nan]
 [    nan  14138.     nan  14138.  14138.     nan  14138.  14138.  14138.
   14138.]
 [    nan    993.     nan    993.    991.     nan    990.    991.    990.
     993.]
 [    nan  22815.     nan  22822.  22867.  22925.  22843.  22904.  22834.
      nan]
 [    nan 147854.     nan 147419. 148040.     nan 148193. 147648. 147781.
      nan]
 [    nan 117606.     nan 117606. 117610.     nan 117606. 117595. 117606.
      nan]
 [    nan  69479.     nan  69354.  69420.     nan  69353.  69359.  69390.
   69354.]
 [    nan    993.     nan    993.    991.     nan    990.    991.    990.
      nan]]