[[56095. 56215. 56353. 56253. 56203.    nan    nan 56663. 56313. 56293.
  56382.]
 [ 1636.  1638.  1631.  1632.  1632.    nan    nan    nan  1627.  1620.
   1626.]
 [95770. 96336. 96324. 95965. 95966. 96357. 96236. 96345. 95968. 95848.
  96019.]
 [45607. 45607. 45607. 45607. 45607. 45607. 45607. 45607. 45607. 45607.
  45607.]
 [25583. 25569. 25594. 25575. 25577.    nan    nan 25576. 25569. 25573.
  25569.]
 [66633. 66787. 66808. 66328. 66521. 66536. 66656. 66730. 66496. 66599.
  66412.]
 [  620.    nan    nan   617.   621.   629.   626.   625.   617.   619.
    620.]
 [11642.    nan    nan 11677. 11678.    nan    nan    nan 11642. 11669.
  11669.]
 [   nan    nan    nan 90184.    nan 90437. 90488. 90121. 90075. 90094.
  89930.]
 [   nan    nan    nan 14138.    nan    nan    nan 14138. 14138. 14138.
  14138.]
 [   nan    nan    nan 37300.    nan    nan    nan    nan 37284. 37287.
  37306.]
 [   nan    nan    nan    nan    nan    nan    nan    nan  1341.  1341.
   1339.]
 [   nan    nan    nan    nan    nan    nan    nan    nan 15700. 15711.
  15700.]
 [   nan    nan    nan    nan    nan    nan    nan    nan 47948. 47812.
  47812.]]