[[ 95835.  96286.  96237.  95975.  95966.     nan     nan     nan  95929.
   95866.  96134.]
 [   830.    830.    830.    830.    830.     nan     nan     nan    830.
     830.    830.]
 [ 11040.  11091.  11040.  11040.  11040.  11042.  11042.  11041.  11040.
   11040.  11040.]
 [ 82911.  83321.  83447.  82921.  83165.  83310.  83277.  83237.  82976.
   83067.  82941.]
 [ 13590.  13590.  13590.  13590.  13590.     nan     nan  13590.  13590.
   13590.  13590.]
 [ 56095.  56453.  56353.  56397.  56064.  56647.  56930.     nan  56045.
   56116.  56223.]
 [ 94328.     nan     nan  94270.  94405.  94584.  94561.     nan  94377.
   94306.  94253.]
 [  1623.     nan     nan   1636.   1632.     nan     nan     nan   1628.
    1620.   1637.]
 [   620.     nan     nan     nan     nan    636.    632.    629.    620.
     616.    621.]
 [ 87341.     nan     nan     nan     nan     nan     nan  87424.  87408.
   87063.  87177.]
 [147946.     nan     nan     nan     nan     nan     nan     nan 148041.
  147853. 147915.]
 [  1015.     nan     nan     nan     nan     nan     nan     nan   1015.
    1015.   1015.]
 [ 24388.     nan     nan     nan     nan     nan     nan     nan  24357.
   24306.  24351.]
 [   815.     nan     nan     nan     nan     nan     nan     nan    815.
     815.    815.]]