[[ 64556.  64920.  64981.  64775.  64876.  65080.  64976.  64950.  65123.
   64936.  64779.]
 [  1619.   1634.   1626.   1629.   1625.   1646.   1634.   1629.   1647.
    1630.   1624.]
 [117606. 117613. 117626. 117606. 117606. 117606. 117606. 117606. 117607.
  117606. 117595.]
 [ 29936.  29941.  29976.  29912.  29941.  30011.  30022.  29905.  29971.
   29905.  29974.]
 [  1339.   1340.   1339.   1340.   1341.   1340.   1339.   1339.   1339.
    1339.   1339.]
 [ 27625.     nan     nan  27601.  27635.  27672.  27681.  27590.  27628.
   27592.  27595.]
 [ 27591.     nan     nan  27591.  27591.  27591.  27591.  27591.  27591.
   27591.  27591.]
 [ 21228.     nan     nan     nan     nan  21220.  21225.  21220.  21220.
   21220.  21225.]
 [ 21245.     nan     nan     nan     nan  21245.  21245.  21245.  21245.
   21245.  21245.]
 [ 11040.     nan     nan     nan     nan     nan     nan  11040.  11040.
   11040.  11091.]
 [   486.     nan     nan     nan     nan     nan     nan    486.    485.
     486.    490.]
 [    nan     nan     nan     nan     nan     nan     nan    993.     nan
     993.    991.]]