[[   617.    617.    621.    619.    616.    619.    617.    617.    617.
     615.     nan]
 [ 38338.  38426.  38406.  38342.  38345.  38314.  38354.  38408.  38331.
   38340.  38431.]
 [   942.    964.    948.    943.    929.    930.    937.    934.    942.
     930.    948.]
 [160382. 160371. 160393. 160225. 159859. 159920. 159826. 159818. 160108.
  159695. 160197.]
 [ 95777.  96062.  96154.  95911.  95748.  95453.  95746.  95532.  95940.
   95528.     nan]
 [ 20557.  20557.  20557.  20557.  20557.  20557.  20557.  20557.  20557.
   20557.     nan]
 [ 26012.     nan     nan  26100.  26103.  26049.  26047.  25977.  26097.
   26029.  26137.]
 [  1015.     nan     nan   1015.   1015.   1015.   1015.   1015.   1015.
    1015.   1015.]
 [    nan     nan     nan     nan 196866. 196504. 196852. 196604. 196856.
  196613.     nan]
 [    nan     nan     nan     nan     nan    820.     nan    820.    820.
     820.     nan]
 [    nan     nan     nan     nan     nan  33657.     nan     nan     nan
   33615.  33638.]
 [    nan     nan     nan     nan     nan  43448.     nan     nan     nan
   43448.     nan]
 [    nan     nan     nan     nan     nan  47948.     nan     nan     nan
   47812.     nan]
 [    nan     nan     nan     nan     nan  13590.     nan     nan     nan
   13590.     nan]]