[[   820.    820.    820.    820.    820.    820.    820.    820.    820.
     820.]
 [ 19261.  19261.  19265.  19232.  19232.  19261.  19261.  19261.  19261.
   19230.]
 [ 74155.  75052.  74656.  74435.  74773.  74609.  75100.  74714.  74373.
   74342.]
 [   993.    991.    991.    990.    991.    991.    995.    993.    993.
     991.]
 [   548.    548.    548.    548.    548.    548.    548.    548.    548.
     548.]
 [ 14138.  14138.  14138.  14138.  14138.  14138.  14138.  14138.  14138.
   14138.]
 [ 17076.     nan     nan  17047.  17026.  17046.  17047.  17057.  17069.
   16991.]
 [ 87431.     nan     nan  87295.  87437.  87340.  87460.     nan  87277.
   87134.]
 [    nan     nan     nan  64811.     nan  65334.  64790.  65100.  64818.
   64809.]
 [    nan     nan     nan  21225.     nan  21220.  21228.  21228.  21225.
   21225.]
 [    nan     nan     nan  13332.     nan  13332.  13332.     nan  13332.
   13332.]
 [    nan     nan     nan 137799.     nan 138744. 138530.     nan     nan
  137753.]
 [    nan     nan     nan  58578.     nan  58622.  58744.     nan     nan
   58632.]]