[[ 36471.  36429.  36499.  36443.  36407.  36471.  36442.     nan  36413.
      nan  36431.]
 [   548.    548.    548.    548.    548.    548.    548.     nan    548.
     548.    548.]
 [ 82909.  83120.  83158.  82883.  83091.  83290.  83373.  83213.  82841.
   83007.  82852.]
 [ 37275.  37283.  37341.  37278.  37274.  37278.  37278.  37278.  37278.
   37281.  37274.]
 [ 24145.  24145.  24145.  24145.  24145.  24145.  24145.  24147.  24145.
   24145.  24145.]
 [ 12747.  12747.  12747.  12747.  12747.  12747.  12747.  12747.  12747.
   12747.  12747.]
 [ 76115.     nan     nan  75740.  75945.  76148.  75927.  76115.  75796.
      nan  76118.]
 [ 78434.     nan     nan  78435.  78408.  78412.  78428.     nan  78421.
   78393.  78390.]
 [    nan     nan     nan     nan   1341.   1339.   1341.   1341.   1339.
    1341.   1340.]
 [    nan     nan     nan     nan  14971.     nan     nan  14971.  14971.
   14971.  14971.]
 [    nan     nan     nan     nan 101159.     nan     nan     nan 101183.
  101107. 100997.]
 [    nan     nan     nan     nan   8407.     nan     nan     nan     nan
    8407.   8407.]
 [    nan     nan     nan     nan  19749.     nan     nan     nan     nan
      nan  19740.]]