[[ 16876.  16876.  16876.  16876.  16876.  16876.  16876.  16876.  16876.
   16876.  16876.]
 [ 47812.  47812.  47955.  47812.  47812.  47951.  47856.  47854.  47967.
   47812.  47812.]
 [ 79163.  79196.  79199.  79005.  78982.  78780.  78885.  78907.  79099.
   78885.  79015.]
 [116704. 116771. 116734. 116948. 116463. 116133. 117199. 117008. 116850.
  115859. 116309.]
 [ 13590.  13590.  13590.  13590.  13590.  13590.  13590.  13590.  13590.
   13590.  13590.]
 [148466. 148208. 148477. 148182. 148166. 147934. 148169. 148172. 148523.
  147777. 147810.]
 [  1338.     nan     nan   1350.   1339.   1339.   1338.   1336.   1344.
    1338.   1344.]
 [ 55539.     nan     nan  55539.  55551.  55539.  55539.  55551.  55551.
   55539.  55551.]
 [    nan     nan     nan     nan  18880.  18880.  18880.  18880.  18880.
   18880.  18880.]
 [    nan     nan     nan     nan     nan 223765.     nan 224049. 223738.
  223866. 223859.]
 [    nan     nan     nan     nan     nan  44056.     nan     nan     nan
   44374.  44383.]]