[[  8407.   8407.   8407.   8407.   8407.   8407.     nan     nan   8407.
    8407.]
 [ 25915.  25924.  26033.  25899.  25917.  25896.     nan  25956.  25906.
   25897.]
 [116521. 116282. 117098. 115942. 116411. 116735. 116778. 116727. 116246.
  115941.]
 [ 26076.  26080.  26071.  26012.  26051.  26082.  26163.     nan  26023.
   26093.]
 [   688.    687.    686.    687.    687.    686.     nan    686.    686.
     686.]
 [ 14138.  14138.  14138.  14138.  14138.  14138.  14138.  14138.  14138.
   14138.]
 [107953.     nan     nan 108104. 107909. 108059. 108140. 108151. 108009.
  107994.]
 [   943.     nan     nan    943.    942.    960.     nan    954.    948.
     938.]
 [    nan     nan     nan  38818.     nan  38728.  38853.  38701.  38699.
   38801.]
 [    nan     nan     nan   5627.     nan   5638.     nan   5630.   5626.
    5629.]
 [    nan     nan     nan  68949.     nan  69085.     nan  69647.  68995.
   68874.]
 [    nan     nan     nan  37278.     nan  37278.     nan     nan  37279.
   37310.]
 [    nan     nan     nan    521.     nan    521.     nan     nan     nan
     521.]
 [    nan     nan     nan   1015.     nan   1015.     nan     nan     nan
    1015.]
 [    nan     nan     nan  18880.     nan  18880.     nan     nan     nan
   18886.]]