[[ 55356.  55476.  55627.  55328.  55070.  55624.  55333.     nan  55461.
   55331.  55277.  55251.]
 [   865.    865.    865.    865.    865.     nan     nan     nan     nan
     865.    865.    865.]
 [ 16876.  16876.  16876.  16876.  16876.  16876.  16876.  16876.  16876.
   16876.     nan  16876.]
 [  1015.   1015.   1015.   1015.   1015.   1015.   1015.   1015.   1015.
    1015.   1015.   1015.]
 [ 11040.  11091.  11040.  11040.  11040.     nan     nan  11040.  11040.
   11040.  11040.  11040.]
 [ 67350.  67648.  67341.  67363.  67297.  67785.  67697.  67756.  67419.
   67308.  67600.  67354.]
 [ 27625.     nan     nan  27601.  27635.  27667.  27756.  27708.  27647.
   27648.  27691.  27631.]
 [ 20312.     nan     nan  20359.  20293.     nan     nan     nan     nan
   20256.     nan  20378.]
 [    nan     nan     nan     nan  94294.  94430.  94452.  94620.  94397.
   94526.  94692.  94253.]
 [    nan     nan     nan     nan  20557.     nan     nan  20557.  20557.
   20557.     nan  20557.]
 [    nan     nan     nan     nan 121856.     nan     nan     nan     nan
  121828. 122072. 121939.]
 [    nan     nan     nan     nan  21884.     nan     nan     nan     nan
   21822.     nan  21858.]]