[[   617.    617.    623.    620.    616.    622.    624.    620.    618.
     613.]
 [ 87279.  87369.  87429.  87252.  87033.  87169.  87431.  87032.  87159.
   87330.]
 [ 86677.  86665.  86572.  86467.  86488.  86419.  86706.  86384.  86704.
   86258.]
 [ 21805.  21884.  21846.  21846.  21831.  21923.  21904.  21826.  21836.
   21901.]
 [108146. 108283. 108213. 108277. 107977. 107995. 108117. 108021. 108077.
  108007.]
 [ 25743.  25791.  25791.  25743.  25745.  25763.  25743.  25743.  25743.
   25743.]
 [ 74836.     nan     nan  74745.  74370.  74528.  74700.  74621.  75035.
   74421.]
 [  6460.     nan     nan   6460.   6460.   6460.   6460.   6460.   6460.
    6460.]
 [    nan     nan     nan     nan  95855.  95822.  95903.  95954.  95790.
   95597.]
 [    nan     nan     nan     nan  21278.  21245.     nan  21270.  21265.
   21302.]
 [    nan     nan     nan     nan 196876.     nan     nan 196815. 197343.
  196860.]
 [    nan     nan     nan     nan  78384.     nan     nan  78374.  78417.
   78363.]
 [    nan     nan     nan     nan     nan     nan     nan  25910.  25912.
   25870.]
 [    nan     nan     nan     nan     nan     nan     nan  15726.     nan
   15700.]]