[[ 66518.  66618.  66771.  66380.  66113.  66464.  66345.  66347.  66209.
   66513.  66301.]
 [116704. 116974. 116734. 116948. 116340. 117497. 117257. 116279. 117456.
  116930. 115866.]
 [333482. 333917. 333880. 333742. 333384. 333333. 333646. 332964. 333641.
  333760. 333090.]
 [ 63190.  63408.  63322.  63430.  62986.  63255.  63271.  63249.  63261.
   63099.  63292.]
 [ 31105.  31168.  31315.     nan  31123.  31168.  31122.  31124.  31263.
   31111.  31210.]
 [ 10166.     nan     nan  10125.  10105.  10176.  10125.  10087.  10179.
   10125.  10179.]
 [ 19570.     nan     nan     nan  19699.  19565.  19699.  19565.  19565.
   19570.  19565.]
 [    nan     nan     nan     nan  83679.  83597.  83393.  83366.  83608.
   83675.  83376.]
 [    nan     nan     nan     nan  56178.  56537.  56207.  56120.  56076.
   56059.  56047.]
 [    nan     nan     nan     nan    848.     nan     nan    848.    848.
     848.    848.]
 [    nan     nan     nan     nan  37283.     nan     nan  37277.  37459.
   37278.  37483.]
 [    nan     nan     nan     nan     nan     nan     nan  12747.     nan
   12747.  12747.]
 [    nan     nan     nan     nan     nan     nan     nan  95857.     nan
   95974.     nan]]