[[107177. 107135. 107197. 107086. 107144. 107127. 107090. 107026. 107109.
  107112. 107043.]
 [ 19570.  19570.  19570.  19570.  19565.  19570.  19629.  19565.  19565.
   19566.  19570.]
 [   820.    820.    820.    820.    820.    820.    820.    820.    820.
     820.    820.]
 [ 10133.  10179.  10179.  10179.  10179.  10179.  10179.  10179.  10154.
   10179.  10143.]
 [ 86777.  86624.  86486.  86446.  86814.  86468.  86435.  86369.  86790.
   86512.  86596.]
 [ 22953.  22841.  22853.  22841.  22889.  22967.  22843.  22904.  22849.
   23013.  22826.]
 [    nan   1145.     nan   1145.   1145.   1145.   1145.   1145.   1145.
    1145.   1145.]
 [    nan    815.     nan    815.    815.    815.    815.    815.    815.
     815.    815.]
 [    nan     nan     nan  26081.     nan  26166.  26069.  26015.  26073.
   26081.  26153.]
 [    nan     nan     nan  13620.     nan     nan     nan  13620.  13620.
   13620.  13620.]
 [    nan     nan     nan     nan     nan     nan     nan 107123.     nan
  107156. 107043.]]