[[147981. 147926. 147699. 148110. 147785. 147397.     nan 147909. 147965.
  147539.]
 [ 27662.  27644.  27606.  27679.  27610.  27546.     nan  27703.  27536.
   27546.]
 [ 42325.  42147.  42114.  42204.  42160.  42157.  42209.  42120.  42120.
   42168.]
 [ 66535.  66390.  66496.  66290.  66621.  66459.     nan  66649.  66609.
   66482.]
 [ 21245.  21254.  21245.  21245.  21245.  21245.  21245.  21245.  21245.
   21245.]
 [  1819.   1814.   1813.   1813.   1815.   1811.     nan   1811.   1815.
    1813.]
 [    nan  55539.  55551.  55539.  55539.  55539.     nan  55539.  55539.
   55539.]
 [    nan     nan  27042.  27042.  27050.  27042.  27042.  27042.  27042.
   27042.]
 [    nan     nan 224077. 223694. 224296. 224094.     nan 224189. 224316.
  224215.]
 [    nan     nan  74683.     nan     nan  74475.  74639.  74666.  74850.
   74475.]
 [    nan     nan 147664.     nan     nan 147490.     nan 148552. 148183.
  147762.]
 [    nan     nan     nan     nan     nan  27546.  27587.  27703.  27536.
   27546.]
 [    nan     nan     nan     nan     nan  27047.     nan  27042.  27042.
   27042.]]