[[ 13590.  13590.  13590.  13590.  13590.  13590.     nan     nan  13590.
   13590.  13590.]
 [160620. 160444. 160468. 160394. 160434.     nan     nan     nan 160164.
  160150. 160371.]
 [ 66382.  66487.  66703.  66301.  66369.  66588.  66656.  66730.  66496.
   66517.  66425.]
 [ 90113.  90342.  90333.  89898.  90130.  90437.  90555.  90121.  90007.
   90180.  90005.]
 [ 55539.  55551.  55550.  55539.  55539.     nan     nan  55551.  55539.
   55539.  55552.]
 [ 13621.  13726.  13621.  13620.  13620.  13620.  13621.  13621.  13620.
   13620.  13620.]
 [   775.     nan     nan    777.    783.    780.    781.     nan    772.
     767.    777.]
 [ 16876.     nan     nan  16876.  16876.     nan     nan     nan  16876.
   16876.  16876.]
 [    nan     nan     nan   1275.     nan   1277.   1275.   1278.   1278.
    1275.   1275.]
 [    nan     nan     nan  35415.     nan     nan     nan  35386.  35324.
   35324.  35358.]
 [    nan     nan     nan   1340.     nan     nan     nan     nan   1341.
    1340.   1337.]
 [    nan     nan     nan 110121.     nan     nan     nan     nan 109944.
  110265. 110046.]
 [    nan     nan     nan 192219.     nan     nan     nan     nan 192417.
  192268. 192251.]
 [    nan     nan     nan  52019.     nan     nan     nan     nan  52059.
   52177.     nan]]