[[75407. 75069. 75282. 74841. 74623. 74689. 75323. 74505. 74773. 74768.]
 [86473. 86607. 86473. 86407. 86239. 86377. 86682. 86171. 86211. 86128.]
 [66494. 66546. 66618. 66582. 66458. 66458. 66488. 66399. 66606. 66424.]
 [13332. 13332. 13332.    nan 13332. 13332. 13332. 13332. 13332. 13332.]
 [58622. 58646. 58601.    nan 58634. 58628. 58578. 58622. 58627. 58624.]
 [87242. 87315. 87285. 87248. 86944. 87031. 87196. 86897. 87118. 87114.]
 [28940.    nan    nan 28940. 28940. 28940. 28940. 28940. 28940. 28940.]
 [40499.    nan    nan    nan 40540. 40636. 40503. 40540. 40487. 40484.]
 [   nan    nan    nan    nan 33622. 33657. 33604. 33584. 33580. 33623.]
 [   nan    nan    nan    nan 21225. 21380. 21366. 21220. 21220. 21220.]
 [   nan    nan    nan    nan 27086.    nan    nan 27086. 27042. 27042.]
 [   nan    nan    nan    nan   993.    nan    nan   991.   991.   991.]
 [   nan    nan    nan    nan 26370.    nan    nan 26370. 26362. 26381.]
 [   nan    nan    nan    nan  1145.    nan    nan  1145.  1145.    nan]]