[[   820.    820.    820.    820.    820.    820.    820.     nan    820.
     820.    820.]
 [ 26612.  26776.  26692.  26658.  26660.     nan     nan     nan  26612.
   26666.  26665.]
 [147916. 147807. 147986. 147891. 147773. 148023. 147827. 147899. 147740.
  147959. 147811.]
 [ 20557.  20557.  20557.  20557.  20557.  20557.  20557.  20557.  20557.
   20557.  20557.]
 [192432. 192067. 192720. 192211. 192149. 192458. 192473. 192577. 192114.
  192152. 192138.]
 [ 66373.  66433.  66681.  66294.  66364.  66641.  66749.     nan  66468.
   66393.  66439.]
 [ 27050.     nan     nan  27086.  27042.  27044.  27042.     nan  27042.
   27050.  27042.]
 [ 24145.     nan     nan  24145.  24145.     nan     nan     nan  24145.
   24145.  24147.]
 [    nan     nan     nan     nan  65865.  66039.  66000.  65862.  65586.
   65816.  65625.]
 [    nan     nan     nan     nan  31170.     nan     nan  31280.  31162.
   31131.  31128.]
 [    nan     nan     nan     nan   1339.     nan     nan     nan   1340.
    1348.   1340.]
 [    nan     nan     nan     nan     nan     nan     nan     nan    616.
     620.    616.]
 [    nan     nan     nan     nan     nan     nan     nan     nan  79027.
   79021.  78833.]
 [    nan     nan     nan     nan     nan     nan     nan     nan  95798.
   95976.  95798.]]