[[ 47271.  47301.  47280.  47277.  47252.  47288.  47225.  47250.  47307.
   47329.  47285.]
 [ 28940.  28940.  28940.  28940.  28940.  28940.  28940.  28940.  28940.
   28940.  28940.]
 [ 19722.  19788.  19761.  19734.  19756.  19731.  19772.  19764.  19766.
   19729.  19727.]
 [ 44157.  44230.  44311.  44067.  44076.  44130.  44126.  44138.  43933.
   43977.  44074.]
 [   481.    487.    487.    485.    484.    484.    484.    482.    482.
     484.    485.]
 [ 47812.     nan     nan  47812.  47812.  47944.  47812.  47812.  47812.
   47812.  47812.]
 [ 19331.     nan     nan  19242.  19230.  19261.  19317.  19319.  19230.
   19274.  19230.]
 [    nan     nan     nan     nan   1034.   1034.   1034.   1034.   1034.
    1034.   1034.]
 [    nan     nan     nan     nan   1336.   1343.   1338.   1339.   1336.
    1336.   1335.]
 [    nan     nan     nan     nan  13332.     nan     nan  13332.  13332.
   13332.  13332.]
 [    nan     nan     nan     nan   1280.     nan     nan   1275.   1276.
    1275.   1285.]
 [    nan     nan     nan     nan     nan     nan     nan     nan 147918.
  148024. 147910.]]