[[  521.   521.   521.   521.   521.   521.   521.   521.   521.    nan
    521.]
 [83978. 83763. 83748. 83589. 83854. 83780. 83825. 83597. 83667.    nan
     nan]
 [30686. 30680. 30671. 30699. 30671. 30680. 30673. 30680. 30679.    nan
     nan]
 [19565. 19570. 19570. 19565. 19570. 19570. 19570. 19570. 19699. 19570.
  19565.]
 [20378. 20303. 20342. 20281. 20367. 20430. 20298. 20266. 20349. 20357.
  20346.]
 [40437. 40529. 40476. 40508. 40515. 40505. 40541. 40541. 40508. 40541.
  40540.]
 [   nan    nan 15700. 15700. 15700. 15718. 15700. 15700. 15700.    nan
     nan]
 [   nan    nan  1015.  1015.  1015.  1015.  1015.  1015.  1015.  1015.
   1015.]
 [   nan    nan 63318. 62978.    nan 63286. 63180. 63051. 63237.    nan
     nan]
 [   nan    nan   950.   935.    nan   960.    nan   940.   947.   945.
    945.]
 [   nan    nan   521.   521.    nan   521.    nan   521.    nan   521.
    521.]
 [   nan    nan 83748. 83608.    nan 83780.    nan 83714.    nan    nan
     nan]]