[[ 55539.  55539.  55551.  55546.  55546.     nan  55539.  55539.  55542.
   55539.  55551.]
 [   787.    779.    781.    772.    777.    788.    773.    764.    780.
     769.    774.]
 [ 43101.  42943.  42969.  42883.  43028.  43106.  42860.  42968.     nan
   42966.  42974.]
 [ 13590.  13590.  13590.  13590.  13590.  13590.  13590.  13590.     nan
   13590.  13590.]
 [108361. 108192. 108156. 108054. 108323. 108341. 108009. 108147.     nan
  108062. 108055.]
 [   860.    860.    858.    858.    861.     nan    859.    857.    860.
     858.    859.]
 [    nan   1034.     nan   1034.   1034.     nan   1034.   1034.   1034.
    1034.   1034.]
 [    nan 122037.     nan 121668. 121937.     nan 122052. 121717.     nan
  121762. 121683.]
 [    nan     nan     nan  24196.     nan  24461.  24285.  24259.     nan
   24275.  24292.]
 [    nan     nan     nan  17134.     nan     nan  17038.  17032.     nan
   17021.  17101.]
 [    nan     nan     nan  55546.     nan     nan     nan  55539.  55542.
   55539.  55551.]
 [    nan     nan     nan    770.     nan     nan     nan    764.     nan
     769.    772.]
 [    nan     nan     nan     nan     nan     nan     nan 121717.     nan
  121762. 121683.]]