[[ 30686.  30680.  30671.  30702.  30671.     nan  30700.  30671.  30671.
   30680.]
 [ 87449.  87118.  87288.  87142.  87371.  87225.  87024.  87095.  87370.
   87080.]
 [ 47812.  47891.  47812.  47812.  47812.  47954.  47812.  47812.  47812.
   47948.]
 [ 16876.  16876.  16876.  16876.  16876.  16876.  16876.  16876.  16876.
   16876.]
 [ 19261.  19230.  19230.  19244.  19244.  19232.  19230.  19261.  19257.
   19244.]
 [ 25886.  26024.  25872.  25899.  25922.  25902.  25882.  25960.  25924.
   25935.]
 [    nan     nan  13620.  13620.  13620.  13621.  13620.  13620.  13620.
   13620.]
 [    nan     nan 110075. 109381. 109837. 110016. 109710. 109984. 110053.
  109693.]
 [    nan     nan  20325.     nan     nan  20396.  20380.  20299.  20334.
   20302.]
 [    nan     nan  74667.     nan     nan     nan  74322.  74285.  74617.
   73972.]
 [    nan     nan  30671.     nan     nan     nan     nan  30671.  30671.
   30680.]
 [    nan     nan  87288.     nan     nan     nan     nan  87095.  87370.
   87079.]
 [    nan     nan     nan     nan     nan     nan     nan 110000. 110053.
  109710.]
 [    nan     nan     nan     nan     nan     nan     nan  20364.  20361.
   20302.]]