[[ 45607.  45607.  45607.  45607.  45607.  45607.  45607.  45607.     nan
   45607.]
 [   815.    815.    815.    815.    815.    815.    815.    815.    815.
     815.]
 [  8460.   8472.   8460.   8472.   8460.   8460.   8460.   8472.   8460.
    8460.]
 [ 75006.  74998.  74683.  74234.  74746.  74391.  74450.  74364.  74680.
   74396.]
 [ 63512.  63337.  63465.  63071.  63374.  63276.  63283.  63425.  63318.
   63283.]
 [148326. 148655. 149987. 148278. 148189. 147615. 147945. 147499.     nan
      nan]
 [    nan     nan    848.    855.    848.    848.    848.    848.    848.
     848.]
 [    nan     nan  47812.  47812.  47812.  47812.  47812.  47812.  47866.
   47827.]
 [    nan     nan     nan     nan    865.    865.    865.    865.    865.
     865.]
 [    nan     nan     nan     nan 117610. 117606. 117606. 117606.     nan
      nan]
 [    nan     nan     nan     nan  45607.  45607.     nan  45607.     nan
      nan]
 [    nan     nan     nan     nan    815.    815.     nan    815.    815.
     815.]
 [    nan     nan     nan     nan  47812.  47812.     nan  47812.  47866.
   47812.]
 [    nan     nan     nan     nan    865.    865.     nan    865.     nan
      nan]]