[[ 75837.  75090.  75254.  75477.  75772.  75532.  75084.  75477.  75167.
   75391.  75128.]
 [  5636.   5626.   5624.   5624.   5629.   5642.   5628.   5630.   5626.
    5627.   5638.]
 [117606. 117625. 117610. 117613. 117610. 117613. 117606. 117606. 117606.
  117613. 117606.]
 [ 11041.  11040.  11040.  11040.  11040.  11040.  11040.  11040.  11040.
   11040.  11040.]
 [   848.    848.    848.    855.    848.    848.    848.    848.    848.
     848.    848.]
 [ 14138.  14138.  14138.  14138.  14138.  14138.  14138.  14138.  14138.
   14138.  14138.]
 [    nan     nan  25586.  25588.  25575.  25575.  25595.  25577.  25575.
   25587.  25589.]
 [    nan     nan 108186. 107969. 108310. 108305. 108085. 108085. 108086.
  108271. 108011.]
 [    nan     nan   1378.     nan     nan   1378.   1377.   1377.   1377.
    1378.   1377.]
 [    nan     nan     nan     nan     nan     nan  11669.  11669.  11655.
   11669.  11669.]
 [    nan     nan     nan     nan     nan     nan     nan     nan  75288.
   74828.  75259.]]