[[192003. 192376. 192376. 192682. 191785. 191656. 191941. 191795. 192290.
  191763. 192185.]
 [ 19331.  19261.  19230.  19242.  19230.  19331.  19255.  19323.  19261.
   19331.  19338.]
 [138117. 138405. 138110. 138108. 137452. 137255. 137434. 137375. 137478.
  137160. 137713.]
 [   521.    521.    521.    521.    521.    521.    521.    521.    521.
     521.    521.]
 [   686.    687.    688.    686.    687.    686.    686.    687.    687.
     686.    688.]
 [ 55539.  55546.  55539.  55539.  55551.  55539.  55539.  55539.  55551.
   55539.     nan]
 [ 38806.     nan     nan  38829.  38761.  38732.  38852.  38784.  38805.
   38774.  38754.]
 [   865.     nan     nan    865.    865.    865.    865.    865.    865.
     865.    865.]
 [    nan     nan     nan     nan  14138.  14138.  14138.  14138.  14138.
   14138.     nan]
 [    nan     nan     nan     nan     nan  69384.     nan  69345.  69337.
   69365.     nan]
 [    nan     nan     nan     nan     nan  55041.     nan     nan     nan
   55005.  55353.]
 [    nan     nan     nan     nan     nan  74144.     nan     nan     nan
   73938.     nan]
 [    nan     nan     nan     nan     nan  22825.     nan     nan     nan
   22839.     nan]]