[[12747. 12747. 12747. 12747. 12747.    nan 12747. 12747. 12747.    nan]
 [13332. 13332. 13332. 13332. 13332. 13332. 13332. 13332. 13332.    nan]
 [20557. 20557. 20557. 20557. 20583. 20562. 20557. 20557. 20557.    nan]
 [20378. 20303. 20325. 20276. 20417. 20371. 20372. 20324. 20312. 20324.]
 [10919. 10883. 10896. 10906. 10899. 10931. 10892. 10873. 10880. 10873.]
 [ 5633.  5626.  5624.  5627.  5629.  5633.  5629.  5624.  5625.    nan]
 [   nan   521.    nan   521.   521.    nan   521.   521.   521.   521.]
 [   nan 95964.    nan 95580. 96132.    nan 95965. 95571. 95517. 95571.]
 [   nan 44267.    nan 44263. 44237. 44274. 44263. 44237. 44237.    nan]
 [   nan 21225.    nan 21225. 21225.    nan 21225. 21225. 21366.    nan]
 [   nan 12747.    nan 12747. 12747.    nan 12747. 12747. 12747.    nan]
 [   nan 13332.    nan 13332. 13332.    nan 13332. 13332.    nan 13332.]
 [   nan 96040.    nan 95658. 96132.    nan 96045. 95571.    nan    nan]]