[[   686.    687.    688.    686.    687.    688.    687.    686.    686.
     686.    686.]
 [ 38806.  38860.  38743.  38810.  38740.  38816.  38732.  38752.  38829.
   38840.  38802.]
 [ 21265.  21245.  21245.  21245.  21265.  21245.  21245.  21245.  21245.
   21245.  21245.]
 [  1814.   1817.   1813.   1824.   1806.   1813.   1807.   1813.   1812.
    1813.   1823.]
 [ 26381.  26362.  26413.  26362.  26370.  26392.  26383.  26374.  26362.
   26386.  26362.]
 [ 24204.  24378.  24316.  24331.  24343.  24372.  24274.  24297.  24279.
   24266.  24300.]
 [ 34308.     nan     nan  34272.  34316.  34266.  34291.  34273.  34308.
   34242.  34272.]
 [134618.     nan     nan 134767. 134799. 134661. 135135. 134520. 134888.
  134407. 134333.]
 [    nan     nan     nan 147876.     nan 148076. 147921. 148217. 147889.
  147386. 147766.]
 [    nan     nan     nan  31105.     nan     nan     nan  31105.  31105.
   31273.  31105.]
 [    nan     nan     nan 137928.     nan     nan     nan     nan     nan
  137851. 137902.]]