[[ 51394.  51500.  51344.  51202.  51379.  51426.  51379.  51270.  51320.
      nan     nan]
 [  1378.   1377.   1378.   1377.   1378.   1367.   1377.   1377.   1378.
      nan     nan]
 [ 10133.  10179.  10179.  10179.  10179.  10179.  10179.  10179.  10157.
      nan     nan]
 [110260. 109975. 110169. 109793. 110432. 110155. 109883. 109534. 110057.
  110336. 109954.]
 [ 90117.  90222.  90147.  89741.  90039.  90531.  90045.  89798.  90126.
   90410.  90153.]
 [224577. 223905. 224077. 224225. 224304. 224510. 224285. 223802. 224496.
      nan     nan]
 [    nan   8407.     nan   8407.   8407.   8407.   8407.   8407.   8407.
      nan     nan]
 [    nan  69504.     nan  69376.  69500.  69534.  69353.  69379.  69415.
   69494.  69430.]
 [    nan  83163.     nan  82891.     nan  83457.  82872.  82941.  83173.
      nan     nan]
 [    nan   1145.     nan   1145.     nan   1145.   1145.   1145.   1145.
    1145.   1145.]
 [    nan  51538.     nan  51202.     nan  51426.  51379.  51270.     nan
   51460.  51443.]
 [    nan   1377.     nan   1377.     nan   1367.   1377.   1377.     nan
      nan     nan]]