[[ 31186.  31105.  31311.  31236.  31159.  31149.     nan  31280.  31162.
   31164.]
 [ 17076.  17005.  17095.  17037.  17023.  17007.     nan  17037.  17051.
   17066.]
 [ 15711.  15711.  15700.  15700.  15700.  15700.  15700.  15700.  15700.
   15700.]
 [ 63227.  63408.  63265.  63228.  63268.  63315.  63448.  63365.  63111.
   63162.]
 [192308. 191957. 192558. 192211. 192149. 192458.     nan 192424. 192109.
  192116.]
 [ 68938.  69017.  69147.  68931.  68879.  69170.  69234.  69197.  69126.
   68858.]
 [ 21245.     nan     nan  21245.  21245.  21245.  21245.  21245.  21245.
   21245.]
 [107966.     nan     nan 108104. 107909. 108284.     nan 108175. 108257.
  107980.]
 [    nan     nan     nan     nan  90105.  90323.  90331.  90030.  90112.
   89925.]
 [    nan     nan     nan     nan  83661.  83885.     nan  83904.  83641.
   83395.]
 [    nan     nan     nan     nan    815.    815.     nan    815.    815.
     815.]
 [    nan     nan     nan     nan  86507.  86464.     nan  86598.     nan
   86457.]
 [    nan     nan     nan     nan  18880.  18880.     nan  18880.     nan
   18880.]
 [    nan     nan     nan     nan 147790. 148037.     nan 147899.     nan
  147830.]]