[[155162. 155118. 155777. 155273. 155197. 155585. 155213. 155245.     nan
  155183.     nan]
 [ 34308.  34275.  34231.  34291.  34273.  34312.  34316.  34316.     nan
   34308.  34308.]
 [ 18880.  18880.  18880.  18880.  18880.  18880.  18880.  18880.  18880.
   18880.     nan]
 [   858.    858.    858.    861.    859.    856.    858.    858.    861.
     861.     nan]
 [160358. 160275. 160447. 160578. 160902. 160084. 160264. 160423. 160705.
  160294. 160308.]
 [ 35309.  35413.  35349.  35370.  35324.  35338.  35371.  35406.  35416.
   35309.  35324.]
 [    nan  27042.     nan  27042.  27042.  27050.  27042.  27042.     nan
   27042.     nan]
 [    nan  20392.     nan  20459.  20467.  20383.  20382.  20344.     nan
   20323.  20370.]
 [    nan  74859.     nan     nan     nan  74843.  75010.  74817.  75158.
   74852.     nan]
 [    nan     nan     nan     nan     nan    521.     nan    521.    521.
     521.     nan]
 [    nan     nan     nan     nan     nan  52094.     nan  52044.     nan
   51865.     nan]
 [    nan     nan     nan     nan     nan 108030.     nan 108040.     nan
  108022. 108162.]
 [    nan     nan     nan     nan     nan 140855.     nan 140284.     nan
  140823.     nan]
 [    nan     nan     nan     nan     nan 110072.     nan 110083.     nan
  109952.     nan]]