[[ 13620.  13620.  13620.  13621.  13620.  13620.  13620.  13620.  13620.
   13620.  13620.]
 [148200. 148011. 148138. 147930. 148121. 147695. 147760. 147572. 147982.
  147855. 147618.]
 [   815.    815.    815.    815.    815.    815.    815.    815.    815.
     815.    815.]
 [ 26612.  26682.  26675.  26653.  26612.  26636.  26596.  26593.  26606.
   26612.  26628.]
 [ 11642.  11642.  11651.  11669.  11696.  11645.  11642.  11642.  11669.
   11642.  11669.]
 [   820.    820.    820.    820.    820.    820.    820.    820.    820.
     820.    820.]
 [   941.     nan     nan    944.    929.    942.    945.    946.    942.
     940.    938.]
 [ 30656.     nan     nan  30671.  30671.  30676.  30671.  30656.  30659.
   30656.  30685.]
 [ 16876.     nan     nan     nan     nan  16876.  16876.  16876.  16876.
   16876.  16876.]
 [   548.     nan     nan     nan     nan     nan     nan    548.    548.
     548.    548.]
 [    nan     nan     nan     nan     nan     nan     nan  25569.     nan
   25575.  25574.]]