[[ 13620.  13726.  13621.  13620.  13620.  13621.  13620.     nan  13620.
   13620.]
 [ 35309.  35413.  35361.  35415.  35324.     nan  35386.  35373.  35324.
   35330.]
 [ 76259.  76071.  76091.  75771.  76006.  76245.  75987.  76126.  75997.
   76029.]
 [333972. 333623. 334275. 334026. 333439. 333845. 333728. 334005. 333963.
  333744.]
 [ 45607.  45607.  45607.  45607.  45607.     nan  45607.  45607.  45607.
   45607.]
 [  1524.   1524.   1524.   1524.   1524.   1524.   1524.   1524.   1524.
    1524.]
 [   548.     nan     nan    548.    548.    548.    548.    548.    548.
     548.]
 [ 27591.     nan     nan  27591.  27591.     nan  27591.  27591.  27591.
   27591.]
 [    nan     nan     nan     nan  27042.  27044.  27042.  27042.  27042.
   27044.]
 [    nan     nan     nan     nan    848.     nan    848.    848.    848.
     848.]
 [    nan     nan     nan     nan  67403.     nan  67850.  67793.  67668.
   67336.]
 [    nan     nan     nan     nan   1342.     nan   1341.     nan   1339.
    1340.]
 [    nan     nan     nan     nan  11678.     nan  11669.     nan  11680.
   11696.]
 [    nan     nan     nan     nan  27644.     nan  27799.     nan  27656.
   27634.]]