[[ 33607.  33612.  33614.  33602.  33546.  33544.  33608.     nan     nan
   33626.  33648.]
 [ 47847.  47812.  47812.  47812.  47885.  48034.  47944.     nan     nan
   47812.  47812.]
 [107150. 107074. 107096. 107160. 107078. 107095. 107029. 107097. 107040.
  107083. 107080.]
 [ 11642.  11669.  11674.  11651.  11675.  11647.  11669.  11696.  11669.
   11738.  11669.]
 [116991. 116521. 118332. 116624. 116733. 116285. 115936. 117001. 116029.
  116075. 116457.]
 [  8407.   8407.   8407.   8407.   8407.   8407.   8407.     nan   8407.
    8407.   8407.]
 [    nan  45607.     nan  45607.  45607.  45607.  45607.     nan     nan
   45607.  45607.]
 [    nan    820.     nan    820.    820.    820.    820.     nan     nan
     820.    820.]
 [    nan  20557.     nan     nan     nan  20557.  20557.  20583.  20557.
   20557.  20557.]
 [    nan  56199.     nan     nan     nan     nan  56203.  56327.  56359.
   56145.  56252.]
 [    nan  18880.     nan     nan     nan     nan  18880.     nan     nan
   18880.  18880.]
 [    nan  47338.     nan     nan     nan     nan  47286.     nan     nan
   47312.  47387.]
 [    nan  24290.     nan     nan     nan     nan  24440.     nan     nan
   24241.  24286.]]