[[ 31105.  31156.  31280.  31107.  31103.  31155.  31206.  31103.  31297.
   31105.  31103.]
 [ 26612.  26682.  26679.  26656.  26612.  26650.  26610.  26638.  26643.
   26612.  26613.]
 [ 12747.  12747.  12747.  12747.  12747.  12747.  12747.  12747.  12747.
   12747.  12747.]
 [ 38333.  38419.  38402.  38342.  38345.  38338.  38336.  38343.  38287.
   38318.  38401.]
 [ 56101.  56462.  56266.  56416.  56058.  56332.  56130.  55946.  56191.
   55887.  56085.]
 [117606.     nan     nan 117606. 117606. 117595. 117606. 117613. 117610.
  117610. 117606.]
 [ 24145.     nan     nan  24145.  24145.  24145.  24145.  24145.  24145.
   24145.  24145.]
 [  1617.     nan     nan     nan     nan   1639.   1620.   1621.   1615.
    1617.   1620.]
 [ 26012.     nan     nan     nan     nan  26170.  26038.  26104.  26104.
   26093.  26097.]
 [ 55539.     nan     nan     nan     nan     nan     nan  55539.  55539.
   55539.  55539.]
 [ 66494.     nan     nan     nan     nan     nan     nan  66492.  66444.
   66546.  66549.]
 [ 18880.     nan     nan     nan     nan     nan     nan     nan     nan
   18880.  18880.]]