[[  781.   774.   776.   770.   773.   775.   782.   779.   775.   763.
    774.]
 [13332. 13332. 13332. 13332. 13332. 13332. 13332. 13332. 13332. 13332.
  13332.]
 [ 8460.  8472.  8460.  8472.  8460.  8453.  8460.  8466.  8472.  8460.
   8460.]
 [  830.   830.   830.   830.   830.   830.   830.   830.   830.   830.
    830.]
 [94622. 94507. 94417. 94358. 94463. 95009. 94636. 94297. 94243. 94305.
  94329.]
 [96170. 96129. 96138. 95632. 95967. 95984. 96140. 95811. 96150. 95579.
  96081.]
 [   nan    nan 96159. 95765. 96152. 96446. 96032. 95961. 95697. 95834.
  96225.]
 [   nan    nan 21234. 21366. 21226. 21220. 21228. 21225. 21225. 21225.
  21366.]
 [   nan    nan    nan   857.    nan   858.   858.   858.   862.   858.
    859.]
 [   nan    nan    nan 10873.    nan    nan    nan 10883. 10876. 10875.
  10867.]
 [   nan    nan    nan   773.    nan    nan    nan    nan    nan   763.
    773.]]