[[ 24145.  24145.  24145.  24145.  24147.  24147.  24145.  24145.  24145.
   24145.  24145.]
 [107146. 107099. 107150. 107094. 107185. 107055. 107009. 107041. 107132.
  107095. 107080.]
 [  6460.   6460.   6460.   6460.   6460.   6460.   6460.   6460.   6460.
    6460.   6460.]
 [ 27044.  27056.  27044.  27086.  27051.  27050.  27086.  27042.  27054.
   27042.  27042.]
 [ 43448.  43448.  43448.  43448.  43448.  43448.  43448.  43448.  43448.
   43448.  43448.]
 [ 33618.  33657.  33629.  33628.  33631.  33592.  33606.  33608.  33628.
   33622.  33658.]
 [ 69735.     nan     nan  69218.  69593.  69514.  68962.  68904.  68974.
   68756.  68909.]
 [ 27760.     nan     nan  27597.  27735.  27725.  27709.  27732.  27627.
   27667.  27625.]
 [    nan     nan     nan  75899.     nan  76102.  76095.  75764.  75874.
   75812.  75977.]
 [    nan     nan     nan     nan     nan     nan   1015.   1015.   1015.
    1015.   1015.]
 [    nan     nan     nan     nan     nan     nan     nan  24145.     nan
   24145.  24145.]]