[[196895. 196925. 196609. 197019. 196816. 197158. 196895. 196923. 197204.]
 [ 26612.  26682.  26673.  26656.  26612.  26611.  26612.  26627.     nan]
 [   686.    687.    688.    686.    687.    687.    686.    686.    686.]
 [   616.    617.    621.    619.    616.    624.    616.    618.    623.]
 [ 55539.  55546.  55539.  55539.  55551.  55546.  55539.  55539.     nan]
 [  5624.   5634.   5628.   5633.   5624.   5627.   5624.   5624.     nan]
 [ 34308.     nan  34273.  34274.  34316.  34273.  34308.  34308.     nan]
 [ 40517.     nan     nan  40437.  40540.  40540.  40499.  40540.  40521.]
 [ 42821.     nan     nan  42862.  42933.  42870.  42816.  42812.  42828.]
 [ 27565.     nan     nan  27616.     nan  27697.  27565.  27589.     nan]
 [155108.     nan     nan 155124.     nan 155187. 155086. 155239.     nan]
 [ 47812.     nan     nan  47812.     nan     nan  47812.  47812.  47854.]
 [   815.     nan     nan    815.     nan     nan    815.    815.    815.]
 [108022.     nan     nan 108217.     nan     nan 108022. 108039.     nan]
 [ 95777.     nan     nan  95995.     nan     nan  95762.  95952.     nan]]