[[  521.   521.   521.   521.   521.   521.   521.   521.   521.   521.
    521.]
 [35309. 35330. 35324. 35309. 35413. 35309. 35338. 35326. 35324. 35309.
  35374.]
 [  865.   865.   865.   865.   865.   865.   865.   865.   865.   865.
    865.]
 [42225. 42328. 42283. 42153. 42147. 42267. 42187. 42216. 42266. 42272.
  42191.]
 [18880. 18880. 18880. 18880. 18861. 18880. 18880. 18880. 18880. 18880.
  18880.]
 [74808. 74845. 74800. 74570. 74370. 74339. 74668. 74212. 74629. 74331.
  74588.]
 [  830.    nan    nan   830.   830.   830.   830.   830.   830.   830.
    830.]
 [ 1617.    nan    nan  1635.  1620.  1614.  1615.  1622.  1617.  1619.
   1632.]
 [   nan    nan    nan    nan  1145.  1145.  1145.  1145.  1145.  1145.
   1145.]
 [   nan    nan    nan    nan    nan 22825.    nan 22837. 22835. 22839.
  22859.]
 [   nan    nan    nan    nan    nan 89786.    nan    nan    nan 89870.
  90094.]]