[[38470. 38283. 38356. 38449. 38419. 38529. 38316. 38406. 38338. 38303.
  38346.]
 [26383. 26395. 26394. 26420. 26402. 26396. 26387. 26385. 26381. 26381.
  26386.]
 [16876. 16876. 16876. 16876. 16876. 16876. 16876. 16876. 16876. 16876.
  16876.]
 [66623. 66615. 66613. 66454. 66588. 66676. 66721. 66621. 66403. 66596.
  66693.]
 [19789. 19794. 19775. 19767. 19759. 19792. 19782. 19764. 19773. 19770.
  19821.]
 [83978. 83763. 83748. 83664. 83858. 83915. 83662. 83879. 83879. 83719.
  83778.]
 [   nan    nan 45607. 45607. 45607. 45607. 45607. 45607. 45607. 45607.
  45607.]
 [   nan    nan 24217. 24267. 24280. 24227. 24257. 24209. 24202. 24270.
  24242.]
 [   nan    nan 52115.    nan    nan 52229. 52064. 52068. 52022. 52040.
  52221.]
 [   nan    nan  1345.    nan    nan    nan    nan  1352.  1346.  1343.
   1337.]
 [   nan    nan    nan    nan    nan    nan    nan    nan 38338. 38336.
  38507.]]