[[ 67080.  67425.  67288.  67435.  67058.  67012.  67072.  67022.  67097.
   67032.]
 [ 25861.  25943.  25976.  25921.  25897.  25950.  25911.  25904.  25912.
   25870.]
 [ 12747.  12747.  12747.  12747.  12747.  12747.  12747.  12747.  12747.
   12747.]
 [ 44260.  44263.  44225.  44263.  44260.  44356.  44260.  44260.  44260.
   44256.]
 [ 78394.  78442.  78428.     nan  78384.  78418.  78386.  78369.  78407.
   78363.]
 [  1524.   1524.   1524.   1524.   1524.   1524.   1524.   1524.   1524.
    1524.]
 [137978.     nan     nan 138112. 137590. 137224. 137412. 137492. 137520.
  137229.]
 [ 82956.     nan     nan     nan  82963.  83029.  82863.  82983.  82916.
   83059.]
 [    nan     nan     nan     nan 148164. 147906. 148164. 148271. 148110.
  148013.]
 [    nan     nan     nan     nan  10906.  10871.  10874.  10887.  10872.
   10883.]
 [    nan     nan     nan     nan 121759.     nan     nan 121759. 121633.
  121493.]
 [    nan     nan     nan     nan    830.     nan     nan    830.    830.
     830.]
 [    nan     nan     nan     nan     nan     nan     nan  56006.  56091.
   56190.]
 [    nan     nan     nan     nan     nan     nan     nan  94373.  94228.
   94274.]]