[[40437. 40529. 40476. 40508. 40515. 40476. 40498.    nan 40471. 40463.
  40490.]
 [19261. 19230. 19230. 19244. 19244. 19232. 19230. 19331. 19244. 19230.
  19331.]
 [10933. 10916. 10916. 10916. 10916. 10940. 10916. 10933. 10933. 10933.
  10933.]
 [66053. 65606. 65696. 65497. 65781. 66238. 65661.    nan 65635. 65653.
  65586.]
 [45607. 45607. 45607. 45607. 45607. 45607. 45607.    nan 45607. 45607.
     nan]
 [30687. 30680. 30671. 30699. 30671. 30684. 30685. 30680. 30671. 30687.
  30696.]
 [   nan    nan 82972. 83033. 82982. 83124. 83004. 83079. 82936. 82792.
  82980.]
 [   nan    nan   688.   688.   688.   686.   686.    nan   686.   688.
    688.]
 [   nan    nan 66496.    nan    nan 66260. 66422.    nan 66305. 66222.
  66430.]
 [   nan    nan 79000.    nan    nan    nan    nan 79136. 78652. 78850.
  78766.]
 [   nan    nan 40476.    nan    nan    nan    nan    nan 40471. 40463.
  40490.]
 [   nan    nan    nan    nan    nan    nan    nan    nan 19244. 19230.
  19331.]
 [   nan    nan    nan    nan    nan    nan    nan    nan   686.   688.
     nan]]