[[ 21245.  21265.  21257.  21245.  21245.  21245.  21245.  21245.     nan
   21245.  21245.]
 [ 51324.  51339.  51506.  51407.  51373.  51388.  51471.  51381.     nan
   51373.  51414.]
 [ 13332.  13332.  13332.  13332.  13332.  13332.  13332.  13332.  13332.
   13332.  13332.]
 [ 22830.  22875.  23048.  22866.  22849.  22861.  22944.  22872.  22893.
   22834.  22853.]
 [ 25745.  25796.  25752.  25743.  25743.  25760.  25818.  25745.  25748.
   25743.  25803.]
 [  5638.     nan     nan   5634.   5631.   5641.   5638.   5629.     nan
    5634.   5624.]
 [ 78463.     nan     nan  78446.  78453.  78432.  78447.  78420.     nan
   78408.  78467.]
 [    nan     nan     nan     nan  33651.  33595.  33606.  33628.     nan
   33651.  33643.]
 [    nan     nan     nan     nan 155171. 155458. 155362. 155013. 156019.
  155263. 155181.]
 [    nan     nan     nan     nan   8460.     nan     nan   8460.   8461.
    8460.   8460.]
 [    nan     nan     nan     nan  17026.     nan     nan  17044.     nan
   17026.  17048.]
 [    nan     nan     nan     nan    782.     nan     nan     nan     nan
     782.    780.]
 [    nan     nan     nan     nan  24507.     nan     nan     nan     nan
   24382.  24293.]
 [    nan     nan     nan     nan  29941.     nan     nan     nan     nan
   29941.  29943.]]