[[ 1015.  1015.  1015.  1015.  1015.  1015.  1015.  1015.  1015.  1015.
     nan]
 [75891. 76007. 76149. 75997. 75807. 75885. 75870. 75743. 75761. 75828.
  76055.]
 [  616.   617.   621.   619.   616.   616.   615.   619.   617.   619.
    617.]
 [10949. 10949. 10916. 10933. 10949. 10933. 10934. 10940. 10933. 10940.
  10947.]
 [  521.   521.   521.   521.   521.   521.   521.   521.   521.   521.
     nan]
 [  941.   964.   946.   943.   929.   932.   937.   934.   943.   929.
     nan]
 [12747.    nan    nan 12747. 12747. 12747. 12747. 12747. 12747. 12747.
     nan]
 [  686.    nan    nan   686.   687.   686.   686.   687.   687.   686.
    688.]
 [   nan    nan    nan    nan 36450. 36449. 36467. 36488. 36409. 36457.
     nan]
 [   nan    nan    nan    nan    nan 16876.    nan 16876. 16876. 16876.
     nan]
 [   nan    nan    nan    nan    nan 43887.    nan 44197.    nan 43895.
  44310.]
 [   nan    nan    nan    nan    nan 55041.    nan 54953.    nan 54926.
     nan]
 [   nan    nan    nan    nan    nan 24294.    nan 24245.    nan 24329.
     nan]]