[[64732. 64801. 64860. 64948. 64778. 64572. 64788. 64836.    nan 64451.
  65097.]
 [20316. 20364. 20431. 20369. 20401. 20275. 20301. 20297.    nan 20293.
  20329.]
 [86511. 86612. 86563. 86399. 86239. 86356. 86340. 86392. 86466. 86464.
  86453.]
 [27050. 27050. 27056. 27042. 27086. 27042. 27050. 27042. 27050. 27042.
  27042.]
 [ 8407.  8407.  8407.  8407.  8407.  8407.  8407.  8407.  8407.  8407.
   8407.]
 [65624. 65652. 65743. 65773. 65719. 65550. 65700. 65576. 65619. 65658.
  65865.]
 [42821.    nan    nan 42862. 42934. 42852. 42948. 42843.    nan 42929.
  42868.]
 [63147.    nan    nan 63282. 62918. 63253. 63218. 63084. 63410. 63179.
  63398.]
 [89442.    nan    nan    nan    nan 89715. 89417. 89522.    nan 89645.
  89413.]
 [   nan    nan    nan    nan    nan   815.    nan   815.   815.   815.
    815.]
 [   nan    nan    nan    nan    nan 55162.    nan 55260.    nan 54944.
  55399.]
 [   nan    nan    nan    nan    nan 17077.    nan    nan    nan 17031.
  17024.]]