[[ 8460.  8460.  8460.  8460.  8452.  8460.  8460.  8460.  8460.    nan]
 [75407. 75069. 75282. 74841. 74623. 74877. 75368. 74899. 75226.    nan]
 [ 1620.  1631.  1627.  1637.  1620.  1620.  1622.  1618.  1629.    nan]
 [89747. 90130. 90137. 90063. 89817. 90059. 89905. 90109. 90137.    nan]
 [34308. 34297. 34273. 34273. 34316. 34242. 34308. 34316. 34259. 34276.]
 [  820.   820.   820.   820.   820.   820.   820.   820.   820.   820.]
 [11642.    nan    nan 11669. 11696. 11642. 11642. 11669. 11669.    nan]
 [ 1034.    nan    nan  1034.  1034.  1034.  1034.  1034.  1034.    nan]
 [  941.    nan    nan   941.   929.   942.   945.   941.    nan    nan]
 [ 1015.    nan    nan  1015.  1015.  1015.    nan  1015.  1015.  1015.]
 [67048.    nan    nan 67435. 67050. 66937.    nan 67290.    nan 66937.]
 [11040.    nan    nan 11040. 11040. 11040.    nan 11040.    nan 11040.]
 [ 5624.    nan    nan  5633.  5624.  5630.    nan  5627.    nan    nan]]