[[ 60776.  60563.  60185.  60128.  60479.  60129.  60082.  60267.  60446.]
 [ 21900.  21817.  21874.  21880.  21855.  21900.  21799.  21796.  21900.]
 [ 38470.  38283.  38356.  38520.  38403.  38318.  38352.  38356.     nan]
 [  1145.   1145.   1145.   1145.   1145.   1145.   1145.   1145.     nan]
 [  5633.   5626.   5624.   5627.   5629.   5627.   5624.   5627.     nan]
 [    nan  27047.  27042.  27042.  27044.  27042.  27042.  27042.  27042.]
 [    nan  67178.  67229.  67165.  67445.  67018.  67237.  67079.  67300.]
 [    nan 223905.     nan 224131. 224193. 223632. 224153. 223776.     nan]
 [    nan   1034.     nan   1034.   1034.   1034.   1034.   1034.     nan]
 [    nan    903.     nan     nan     nan    903.    903.    903.    903.]
 [    nan  60563.     nan     nan     nan  60093.  60082.  60267.  60378.]
 [    nan     nan     nan     nan     nan  21900.  21799.  21796.     nan]
 [    nan     nan     nan     nan     nan 223650. 224171. 223703.     nan]
 [    nan     nan     nan     nan     nan   1034.   1034.   1034.   1034.]
 [    nan     nan     nan     nan     nan   1145.   1145.   1145.     nan]
 [    nan     nan     nan     nan     nan  27042.  27042.  27042.     nan]
 [    nan     nan     nan     nan     nan  38318.  38371.  38360.     nan]]