[[ 56616.  56120.  56226.  55962.  56383.  56482.  56089.  55597.  55780.
      nan  55600.]
 [ 19789.  19793.  19766.  19766.  19753.  19807.  19804.  19800.  19778.
      nan  19743.]
 [ 26383.  26395.  26394.  26392.  26394.  26419.  26401.  26388.  26386.
      nan  26381.]
 [   848.    848.    848.    849.    848.    848.    848.    848.    848.
     855.    855.]
 [ 64981.  64865.  64677.  64603.  64837.  64976.  64842.  64738.  64655.
   65045.  64795.]
 [ 28940.  28940.  28940.  28940.  28940.  28940.  28940.  28940.  28940.
      nan  28940.]
 [    nan     nan 100983. 101191. 101241. 101281. 101133. 101019. 101082.
      nan 100891.]
 [    nan     nan 333584. 333467. 333856. 333382. 333732. 333604. 333202.
  333662. 332763.]
 [    nan     nan     nan  26845.     nan  26667.  26595.  26612.  26645.
      nan  26733.]
 [    nan     nan     nan  21886.     nan     nan     nan  21816.  21829.
   21842.  21822.]
 [    nan     nan     nan  55947.     nan     nan     nan     nan  55810.
   56047.  55721.]
 [    nan     nan     nan  19762.     nan     nan     nan     nan  19776.
      nan  19743.]
 [    nan     nan     nan 333467.     nan     nan     nan     nan 333275.
      nan 333136.]]