[[ 66048.  65602.  65681.  65540.  65601.  65905.  65697.  65683.     nan
   65669.  65642.]
 [ 60776.  60563.  60185.  60128.  60488.  60646.  60174.  60014.  60354.
   60080.  60138.]
 [121973. 121668. 121708. 121613. 121807. 122043. 121862. 121717. 121723.
  121602. 121403.]
 [ 78394.  78433.  78401.  78372.  78407.  78446.  78393.  78372.     nan
   78427.  78389.]
 [ 35379.  35324.  35324.  35384.  35303.  35324.  35324.  35374.     nan
   35352.  35338.]
 [  1378.   1377.   1377.   1377.   1377.   1367.   1377.   1377.   1378.
    1377.   1377.]
 [    nan   8407.     nan   8407.   8407.   8407.   8407.   8407.   8407.
    8407.   8407.]
 [    nan  19793.     nan  19758.  19845.  19819.  19753.  19729.     nan
   19785.  19749.]
 [    nan     nan     nan  42198.     nan  42242.  42088.  42184.     nan
   42128.  42184.]
 [    nan     nan     nan  44008.     nan     nan     nan  43955.  44119.
   44248.  44162.]
 [    nan     nan     nan  65540.     nan     nan     nan  65683.     nan
   65669.  65642.]
 [    nan     nan     nan     nan     nan     nan     nan  60014.     nan
   60114.  60142.]
 [    nan     nan     nan     nan     nan     nan     nan  19729.     nan
      nan  19749.]]