[[55539. 55539. 55551. 55546. 55546.    nan 55539.    nan 55539. 55539.
  55539.]
 [66053. 65606. 65696. 65540. 65608. 65905. 65697.    nan 65588. 65728.
  65577.]
 [27662. 27644. 27593. 27577. 27668. 27721. 27613.    nan 27596. 27555.
  27663.]
 [66623. 66615. 66613. 66407. 66623. 66729. 66610.    nan 66451. 66493.
  66454.]
 [ 1082.  1074.  1077.  1082.  1080.  1080.  1080.    nan  1082.  1074.
   1080.]
 [ 6460.  6460.  6460.  6460.  6460.  6460.  6460.  6460.  6460.  6460.
   6460.]
 [   nan 27047.    nan 27042. 27044. 27062. 27050. 27042. 27050. 27042.
  27042.]
 [   nan 89562.    nan 89464. 89692. 89609. 89405.    nan 89162. 89383.
  89444.]
 [   nan    nan    nan 15700.    nan 15718. 15700. 15700. 15700. 15700.
  15700.]
 [   nan    nan    nan 12747.    nan    nan 12747. 12747. 12747. 12747.
  12747.]
 [   nan    nan    nan 55546.    nan    nan    nan 55546. 55539. 55539.
  55539.]
 [   nan    nan    nan 65540.    nan    nan    nan    nan 65588. 65754.
  65577.]]