[[  8407.   8407.   8407.   8407.   8407.     nan     nan   8407.   8407.
    8407.   8407.]
 [160746. 160499. 160526. 160116. 160396. 160341. 160446. 160413. 160117.
  160379. 160220.]
 [   991.    993.    993.    990.    992.    992.    990.    991.    993.
     991.    995.]
 [ 47812.  47898.  47812.  47812.  47812.  47825.  47812.  47812.  47951.
   47858.  47812.]
 [192849. 192424. 192377. 192331. 192332. 192406. 192392. 192068. 192404.
  191905. 192192.]
 [138234. 138745. 138018. 137604. 138472.     nan     nan 137410. 137333.
  138174. 138352.]
 [    nan     nan  28940.  28940.  28940.     nan  28940.  28940.  28940.
   28940.  28940.]
 [    nan     nan     nan  79121.     nan  79292.  79215.  79116.  78878.
   79005.  79077.]
 [    nan     nan     nan  66360.     nan     nan     nan  66596.  66277.
   66484.  66484.]
 [    nan     nan     nan  24216.     nan     nan     nan  24345.  24238.
   24275.  24312.]
 [    nan     nan     nan   8407.     nan     nan     nan   8407.     nan
    8407.   8407.]
 [    nan     nan     nan 160237.     nan     nan     nan 160357.     nan
  160583. 160425.]
 [    nan     nan     nan  79315.     nan     nan     nan  79122.     nan
   79005.  79077.]]