[[18880. 18880. 18880. 18880. 18873.    nan 18880. 18880. 18856. 18880.]
 [  830.   830.   830.   830.   830.   830.   830.   830.   830.   830.]
 [  815.   815.   815.   815.   815.   815.   815.   815.   815.   815.]
 [36402. 36459. 36421. 36442. 36450. 36560. 36477. 36464. 36403. 36442.]
 [96170. 95853. 95975. 95812. 95832. 95894. 95654. 95669. 96051. 95790.]
 [22879. 22834. 22846. 22822. 22867. 22925. 22843. 22904. 22834. 22822.]
 [   nan  1275.    nan  1275.  1275.    nan  1275.  1275.  1280.  1275.]
 [   nan 51390.    nan 51181. 51374.    nan 51321. 51237. 51288. 51150.]
 [   nan    nan    nan 38805.    nan 38942. 38699. 38768. 38769. 38805.]
 [   nan    nan    nan 78372.    nan    nan 78393. 78372. 78389. 78372.]
 [   nan    nan    nan 18880.    nan    nan 18880. 18880. 18856. 18880.]
 [   nan    nan    nan   830.    nan    nan   830.   830.   830.   830.]
 [   nan    nan    nan 51202.    nan    nan 51335. 51237. 51288. 51181.]]