[[  1275.   1278.   1275.   1275.   1280.   1275.   1277.   1281.   1276.
    1276.   1280.]
 [147750. 147946. 147921. 147815. 147738. 147845. 147732. 147809. 147778.
  147783. 147738.]
 [223841. 224230. 223896. 223957. 223535. 223597. 223799. 223667. 224200.
  223433. 223535.]
 [ 74431.  74604.  74561.  74249.  74508.  74154.  74561.  74374.  74173.
   73865.  74508.]
 [160382. 160304. 160393. 160225. 159951. 159920. 159826. 159930. 160263.
  159459. 159859.]
 [ 34308.  34273.  34273.  34274.  34316.  34320.  34308.  34316.  34308.
   34357.  34316.]
 [ 51261.     nan     nan  51178.  51029.  51299.  51198.  51045.  51197.
   51119.  51015.]
 [  1081.     nan     nan   1081.   1074.   1079.   1084.   1075.   1081.
    1075.   1074.]
 [    nan     nan     nan     nan  44260.  44358.  44260.  44263.  44260.
   44351.  44260.]
 [    nan     nan     nan     nan  13590.     nan     nan  13590.  13590.
   13590.  13590.]
 [    nan     nan     nan     nan  38742.     nan     nan     nan     nan
   38751.  38742.]]