[[ 13620.  13620.  13620.  13620.  13620.     nan     nan  13620.  13620.
   13620.  13620.  13620.  13620.]
 [ 26383.  26395.  26394.  26392.     nan  26419.  26401.  26390.  26383.
   26386.  26381.  26364.  26370.]
 [ 42925.  42907.  42922.  42852.  42900.  42936.  42890.     nan  42914.
   42872.  43051.  42992.  42881.]
 [ 44428.  44376.  44271.  44087.  44317.  44273.  44166.  44154.  44120.
   44160.  44188.  44210.  44080.]
 [ 66623.  66615.  66613.  66454.  66588.  66701.  66479.  66484.  66447.
   66406.  66462.  66437.  66447.]
 [ 75491.  75034.  75223.  74570.     nan     nan     nan  75084.  74570.
   74530.  74816.  74967.  75284.]
 [    nan     nan  63318.  63020.  63222.     nan     nan  63206.  62952.
   63184.  63371.  63203.  63206.]
 [    nan     nan     nan  51238.     nan  51321.  51435.  51267.  51181.
   51126.  51306.  51186.  51323.]
 [    nan     nan     nan  10916.     nan     nan     nan  10916.  10916.
   10916.  10916.  10916.  10938.]
 [    nan     nan     nan     nan     nan     nan     nan     nan     nan
  147947. 147772. 147887. 147762.]]