[[ 78424.  78443.  78432.  78448.  78384.  78434.  78422.  78419.     nan
      nan     nan]
 [ 75676.  75534.  75842.  74841.  74947.  74927.  75617.  75423.     nan
   75525.  75416.]
 [ 82956.  83506.  83120.  82971.  82963.  83120.  83200.  83075.  83225.
   83267.  83233.]
 [ 47271.  47306.  47280.  47278.  47252.  47194.  47250.  47263.  47240.
      nan  47277.]
 [   481.    487.    487.    485.    485.    484.    483.    484.    490.
      nan     nan]
 [ 19570.  19566.  19565.  19565.  19576.  19565.  19630.  19570.  19570.
      nan     nan]
 [ 64787.     nan     nan  65008.  64929.  64732.  65059.  64878.     nan
      nan     nan]
 [148699.     nan     nan 148524. 148543. 148051. 147908. 148270. 148329.
  148328. 148245.]
 [ 52039.     nan     nan  52069.     nan  52055.  52051.  52231.     nan
      nan     nan]
 [   949.     nan     nan    946.     nan    954.    951.    950.    958.
      nan     nan]
 [ 14138.     nan     nan  14138.     nan  14138.  14138.  14138.     nan
   14138.  14138.]
 [   903.     nan     nan    903.     nan    903.    903.     nan     nan
     903.    903.]
 [  1374.     nan     nan   1377.     nan   1377.   1377.     nan     nan
      nan     nan]]