[[83584. 83609. 83854. 83470. 83430. 83246. 83273. 83395. 83497. 83384.
  83659.]
 [  686.   687.   688.   686.   687.   686.   686.   686.   688.   686.
    688.]
 [75891. 76007. 76149. 75997. 75807. 75885. 75871. 75977. 75950. 75977.
  76037.]
 [58622. 58646. 58601. 58578. 58634. 58628. 58578. 58578. 58654. 58578.
  58611.]
 [87279. 87315. 87285. 87248. 86944. 87027. 87125. 87237. 87028. 87294.
  87218.]
 [26612. 26682. 26675. 26656. 26612. 26612. 26612. 26612. 26621. 26612.
  26631.]
 [ 1374.    nan    nan  1377.  1378.  1378.  1378.  1377.  1378.  1377.
   1377.]
 [75368.    nan    nan 74841. 74623. 74689. 75323. 75323. 75168. 75119.
  75168.]
 [   nan    nan    nan    nan 19566. 19570. 19565. 19566. 19682. 19566.
  19609.]
 [   nan    nan    nan    nan    nan    nan 21879. 21901. 21885. 21901.
  21809.]
 [   nan    nan    nan    nan    nan    nan   820.    nan    nan   820.
    820.]]