[[ 19570.  19570.  19570.  19570.  19565.  19570.  19629.  19565.  19566.
      nan     nan]
 [ 86777.  86624.  86738.  86297.  86601.  86663.  86435.  86176.  86460.
      nan     nan]
 [ 90319.  90222.  90090.  89725.  90039.  90270.  89988.  89774.  90185.
   90065.  90198.]
 [   860.    860.    858.    858.    861.    861.    858.    857.     nan
     857.    858.]
 [   486.    485.    489.    482.    487.    491.    486.    481.     nan
      nan     nan]
 [135841. 135748. 136446. 135346. 136340. 135375. 135080. 134823. 134856.
      nan     nan]
 [    nan   1524.     nan   1524.   1524.   1524.   1524.   1524.   1524.
      nan     nan]
 [    nan  69487.     nan  69356.  69481.  69534.  69353.  69374.     nan
   69400.  69422.]
 [    nan 334078.     nan 334078. 333992. 333566. 333817. 333351. 333608.
  333532. 333590.]
 [    nan 147919.     nan 147907. 148030.     nan     nan 147881. 147918.
      nan     nan]
 [    nan  19570.     nan  19570.  19565.     nan     nan  19565.     nan
      nan     nan]
 [    nan  86624.     nan  86518.  86814.     nan     nan  86257.     nan
   86457.  86596.]]