[[ 37275.  37283.  37356.  37278.  37274.  37278.  37281.     nan     nan
      nan]
 [ 64556.  64973.  64981.  64672.  64834.  64920.     nan  64816.  64953.
   64838.]
 [ 26376.  26362.  26406.  26381.  26381.  26362.  26396.  26386.  26362.
   26386.]
 [ 95708.  96050.  96099.  95853.  95787.  95604.     nan  96088.  95881.
   95816.]
 [ 58623.  58578.  58617.  58578.  58578.  58661.     nan  58628.  58681.
   58578.]
 [ 19761.  19750.  19791.  19789.  19749.  19779.     nan  19773.  19749.
   19760.]
 [223965. 224350.     nan 223911. 223766. 223565. 224414.     nan     nan
      nan]
 [ 22821.     nan     nan  22840.  22833.  22840.     nan  22852.  22879.
   22829.]
 [ 15711.     nan     nan  15700.  15700.  15700.     nan  15700.  15700.
   15700.]
 [ 11040.     nan     nan     nan  11040.  11091.     nan  11042.  11040.
   11040.]
 [ 68862.     nan     nan     nan  68850.  69066.  68961.     nan     nan
   68901.]
 [ 83637.     nan     nan     nan  83648.  83808.  84044.  84020.  83800.
   83725.]
 [  6460.     nan     nan     nan   6460.   6460.     nan   6460.   6460.
    6460.]
 [333170.     nan     nan     nan 333689. 333163.     nan     nan     nan
      nan]]