[[134662. 134613. 135741. 135226. 135154. 134680. 135109. 135469. 135029.
  134745. 135059.]
 [ 19761.  19750.  19791.  19818.  19739.  19743.  19756.  19763.  19768.
   19767.  19773.]
 [   848.    848.    848.    848.    848.    848.    848.    848.    848.
     848.    848.]
 [   903.    903.    903.    903.    903.    903.    903.    903.    903.
     903.    903.]
 [ 14971.  14971.  14971.  14971.  14971.  14971.  14971.  14971.  14971.
   14971.  14971.]
 [   865.    865.    865.    865.    865.    865.    865.    865.    865.
     865.    865.]
 [    nan  42304.     nan  42354.  42223.  42226.  42212.  42294.  42221.
   42109.  42224.]
 [    nan  24309.     nan  24437.  24456.  24354.  24216.  24319.  24372.
   24273.  24322.]
 [    nan  66583.     nan     nan     nan  66516.  66530.  66573.  66574.
   66551.  66627.]
 [    nan     nan     nan     nan     nan  94190.     nan  94514.  94353.
   94227.  94516.]
 [    nan     nan     nan     nan     nan 160321.     nan     nan     nan
  160267. 160249.]]