[[ 13590.  13590.  13590.  13590.  13590.     nan  13590.  13590.  13590.
   13590.]
 [ 90117.  90159.  89950.  89738.  90202.  90194.  89932.  89869.  89805.
   89870.]
 [ 78394.  78443.  78404.  78403.  78475.  78433.  78417.  78372.  78417.
   78372.]
 [ 66053.  65606.  65696.  65701.  66030.  65911.  65552.  65634.  65759.
   65628.]
 [  1015.   1015.   1015.   1015.   1015.   1015.   1015.   1015.   1015.
    1015.]
 [   991.    993.    994.    991.    994.     nan    993.    993.    990.
     993.]
 [101286.     nan     nan 100910. 101218.     nan 101056. 100921. 100923.
  100791.]
 [ 25886.     nan     nan  25975.  25943.     nan  25876.  25962.  25941.
   25957.]
 [    nan     nan     nan  87233.     nan  87404.  87210.  87006.  87216.
   87006.]
 [    nan     nan     nan  11685.     nan     nan  11642.  11669.  11678.
   11669.]
 [    nan     nan     nan  13590.     nan     nan  13590.  13590.  13590.
   13590.]
 [    nan     nan     nan  89745.     nan     nan  89997.  89869.     nan
   89869.]
 [    nan     nan     nan  25975.     nan     nan  25903.  25962.     nan
   25962.]
 [    nan     nan     nan  87233.     nan     nan  87223.  87085.     nan
   87010.]]