[[ 25569.  25569.  25594.  25575.  25572.     nan  25573.  25575.  25575.
   25569.  25569.]
 [  1034.   1034.   1034.   1034.   1034.     nan     nan   1034.   1034.
    1034.   1034.]
 [ 11642.  11669.  11669.  11669.  11678.  11685.  11658.  11678.  11675.
   11668.  11836.]
 [  1145.   1145.   1145.   1145.   1145.   1145.   1145.   1145.   1145.
    1145.   1145.]
 [ 28940.  28940.  28940.  28940.  28940.     nan     nan  28940.  28940.
   28940.  28940.]
 [ 27591.  27591.  27591.  27591.  27591.  27591.  27591.  27591.  27591.
   27591.  27591.]
 [224071.     nan     nan 224110. 224166. 224765. 224156. 224024. 223915.
  224128. 223782.]
 [   903.     nan     nan    903.    903.     nan     nan    903.    903.
     903.    903.]
 [ 95918.     nan     nan     nan     nan  96264.  96255.  96105.  95893.
   95844.  95966.]
 [ 45607.     nan     nan     nan     nan     nan     nan  45607.  45692.
   45607.  45607.]
 [   781.     nan     nan     nan     nan     nan     nan    780.    783.
     774.    775.]
 [ 26376.     nan     nan     nan     nan     nan     nan     nan     nan
   26390.  26388.]
 [ 21228.     nan     nan     nan     nan     nan     nan     nan     nan
   21225.  21225.]]