[[160458. 160147. 160488. 159746. 160503. 160405. 160483. 159517. 160287.
  159909.]
 [   686.    686.    688.    686.     nan    686.    688.    686.    686.
     688.]
 [140795. 140240. 140694. 139966. 140901. 140951. 140523. 140248. 140368.
  140423.]
 [ 26383.  26395.  26394.  26375.  26386.  26386.  26387.  26383.  26381.
   26370.]
 [  1819.   1814.   1813.   1815.   1819.   1826.   1811.   1815.   1813.
    1811.]
 [ 40437.  40529.  40476.  40534.     nan  40520.  40508.  40506.  40463.
   40463.]
 [ 31129.     nan     nan  31225.  31231.  31215.  31197.  31208.  31103.
   31103.]
 [ 47812.     nan     nan  47812.     nan  47812.  47887.  47812.  47954.
   47812.]
 [    nan     nan     nan   1337.     nan   1340.   1339.   1338.   1338.
    1338.]
 [    nan     nan     nan  20557.     nan  20557.  20557.  20557.  20557.
   20557.]
 [    nan     nan     nan 159746.     nan     nan     nan 159517. 160287.
  159895.]
 [    nan     nan     nan    686.     nan     nan     nan    686.    686.
     688.]
 [    nan     nan     nan     nan     nan     nan     nan  47812.  47954.
   47812.]
 [    nan     nan     nan     nan     nan     nan     nan   1338.   1338.
    1338.]]