[[  6460.   6460.   6460.   6460.   6460.   6460.   6460.   6460.   6460.]
 [  1338.   1341.   1344.   1340.   1339.   1342.   1342.   1338.   1342.]
 [ 36473.  36429.  36504.  36443.  36407.  36456.  36452.  36471.  36471.]
 [   848.    848.    848.    848.    848.    848.     nan    848.    848.]
 [ 37275.  37283.  37341.  37278.  37274.  37274.     nan  37274.  37274.]
 [ 56048.  56193.  56306.  56235.  56002.  56234.  56272.  56000.  56070.]
 [   772.    768.     nan    771.    781.    769.    776.    772.    773.]
 [   991.     nan     nan    990.    991.    994.     nan    991.    992.]
 [ 11642.     nan     nan  11669.  11678.  11669.  11669.  11642.  11669.]
 [140434.     nan     nan     nan     nan 140490. 140463. 140434. 140303.]
 [ 51183.     nan     nan     nan     nan  51152.  51239.  51183.  51188.]
 [ 65590.     nan     nan     nan     nan  65706.  65862.  65606.  65719.]
 [ 66373.     nan     nan     nan     nan  66319.     nan  66348.  66251.]
 [ 25569.     nan     nan     nan     nan  25569.     nan  25569.  25572.]
 [148152.     nan     nan     nan     nan 148252.     nan 148152. 148305.]]