[[   903.    903.    903.    903.    903.    903.    903.    903.    903.
      nan]
 [ 44111.  44299.  44425.  44194.  44149.  44216.  44321.  44311.  44097.
      nan]
 [ 42164.  42304.  42321.  42147.  42192.  42183.  42350.  42230.  42120.
   42229.]
 [ 25569.  25569.  25594.  25575.  25572.  25573.  25569.  25569.  25573.
      nan]
 [117606. 117613. 117626. 117606. 117606. 117606. 117606. 117607. 117613.
      nan]
 [   815.    815.     nan    815.    815.    815.    815.    815.    815.
      nan]
 [137527.     nan     nan 137777. 137779. 138122. 138513. 138219. 137803.
      nan]
 [ 42857.     nan     nan  42844.  42849.  43053.     nan  42927.  42793.
   42920.]
 [ 27625.     nan     nan  27601.  27617.  27694.  27681.  27628.  27651.
   27650.]
 [ 74090.     nan     nan  74211.  74604.  74299.     nan  74562.  74481.
   74366.]
 [ 78434.     nan     nan  78425.  78401.  78447.     nan  78421.  78422.
      nan]
 [   830.     nan     nan    830.    830.    830.     nan    830.     nan
     830.]
 [   616.     nan     nan    615.    614.     nan     nan     nan     nan
      nan]]