[[21234. 21225. 21234. 21366. 21226. 21225. 21225. 21225. 21225. 21225.
  21231.]
 [90062. 90159. 89950. 89876. 90137. 90052. 89965. 90172. 90031. 89851.
  89939.]
 [17018. 17103. 17101. 17062. 17006. 17026. 17011. 17030. 17026. 17019.
  17012.]
 [ 1378.  1377.  1377.  1377.  1377.  1377.  1377.  1378.  1377.  1377.
   1377.]
 [ 1015.  1015.  1015.  1015.  1015.  1015.  1015.  1015.  1015.  1015.
   1015.]
 [37278. 37469. 37424. 37442. 37285. 37278. 37290. 37285. 37426. 37280.
  37275.]
 [   nan    nan 24145. 24145. 24145. 24145. 24145. 24145. 24145. 24145.
  24145.]
 [   nan    nan 11040. 11040. 11040. 11091. 11040. 11040. 11040. 11040.
  11091.]
 [   nan    nan    nan    nan 20583. 20557. 20557. 20557. 20557. 20557.
  20557.]
 [   nan    nan    nan    nan    nan    nan 64808. 65026. 64648. 64605.
  64695.]
 [   nan    nan    nan    nan    nan    nan 21225.    nan    nan 21225.
  21231.]]